NSE Symbol,BSE Code,Q_FY,Beta_Market,Momentum,Log_MarketCap,FY,ROE,DE_Ratio
360ONE,542772,Q1FY22,0.4401965866964709,0.18220213181554634,25.370093040198213,FY22,,
360ONE,542772,Q1FY23,0.5490400592061812,0.4200951754399493,25.658246386777712,FY23,0.21074328544659587,2.1721167859831194
360ONE,542772,Q1FY24,0.45188023866148086,0.20112608086952974,25.901960090811478,FY24,0.23312259220286805,2.710693300635122
360ONE,542772,Q1FY25,0.7374577243902222,1.0430300716809644,26.696202525904457,FY25,0.1437143208992301,1.5606486324279412
360ONE,542772,Q1FY26,1.0071492583598136,0.22143967331166295,26.90261443684899,FY26,0.1437143208992301,1.5606486324279412
360ONE,542772,Q2FY22,0.5113310309011134,0.6589203162383049,25.692222421633385,FY22,0.1437143208992301,1.5606486324279412
360ONE,542772,Q2FY23,0.5117866841935707,0.1575448838708248,25.884435935744857,FY23,0.21074328544659587,2.1721167859831194
360ONE,542772,Q2FY24,0.5685691464295475,0.24740119028002985,26.008298282369786,FY24,0.23312259220286805,2.710693300635122
360ONE,542772,Q2FY25,0.7734791146360606,1.1587801142075154,26.757605959093972,FY25,0.1437143208992301,1.5606486324279412
360ONE,542772,Q2FY26,1.0383160733336165,-0.057373696167106004,26.748603283456298,FY26,0.1437143208992301,1.5606486324279412
360ONE,542772,Q3FY22,0.4045939507516571,0.5760271203869192,25.6030554322527,FY22,0.1437143208992301,1.5606486324279412
360ONE,542772,Q3FY23,0.5542763843817482,0.23202167002164872,25.858665805098777,FY23,0.21074328544659587,2.1721167859831194
360ONE,542772,Q3FY24,0.7445826547820803,0.30475521908050784,26.361910365270056,FY24,0.23312259220286805,2.710693300635122
360ONE,542772,Q3FY25,0.7580705284408749,1.0690615327949486,26.945746198127146,FY25,0.1437143208992301,1.5606486324279412
360ONE,542772,Q3FY26,1.1974350972860504,0.10120686059700547,26.90391322584658,FY26,0.1437143208992301,1.5606486324279412
360ONE,542772,Q4FY21,0.37580741990669353,0.21312026489345273,25.432557367618404,FY21,0.1437143208992301,1.5606486324279412
360ONE,542772,Q4FY22,0.5196226891948115,0.3585084337952376,25.76480959659408,FY22,0.1437143208992301,1.5606486324279412
360ONE,542772,Q4FY23,0.47714167109501326,0.19685506888425233,25.83709675310689,FY23,0.21074328544659587,2.1721167859831194
360ONE,542772,Q4FY24,0.6537756079737632,0.7289699000433632,26.319624111795388,FY24,0.23312259220286805,2.710693300635122
360ONE,542772,Q4FY25,0.8508539671790794,0.48233361085047954,26.659709739473186,FY25,0.1437143208992301,1.5606486324279412
360ONE,542772,Q4FY26,1.3298596289531184,0.24138218130640454,26.678245457326625,FY26,0.1437143208992301,1.5606486324279412
3MINDIA,523395,Q1FY22,0.6738091654888311,0.2061946038774537,26.263102617133057,FY22,,
3MINDIA,523395,Q1FY23,0.5631810269550115,-0.20189608771738954,26.155714924299495,FY23,0.268868648889423,0.01594508016356056
3MINDIA,523395,Q1FY24,0.17097424762941002,0.4539607187854059,26.40321766436305,FY24,0.2717480441830778,0.00846698551970247
3MINDIA,523395,Q1FY25,0.5509659363303601,0.43869712020304136,26.71607286399932,FY25,0.25782193298022865,0.05390493750625847
3MINDIA,523395,Q1FY26,0.5548297032392797,-0.02934792031097257,26.47784488068166,FY26,0.25782193298022865,0.05390493750625847
3MINDIA,523395,Q2FY22,0.6282392013790423,0.15448278277739452,26.283481991624804,FY22,0.25782193298022865,0.05390493750625847
3MINDIA,523395,Q2FY23,0.5121313045827502,0.0034737904221048945,26.274331208297003,FY23,0.268868648889423,0.01594508016356056
3MINDIA,523395,Q2FY24,0.1652405151877232,0.47293799051548496,26.57010839663849,FY24,0.2717480441830778,0.00846698551970247
3MINDIA,523395,Q2FY25,0.6142831463564186,0.2460260647975176,26.64940701903075,FY25,0.25782193298022865,0.05390493750625847
3MINDIA,523395,Q2FY26,0.554121537109975,-0.11256696854342091,26.52749674114482,FY26,0.25782193298022865,0.05390493750625847
3MINDIA,523395,Q3FY22,0.5660300034171513,0.18260227774456986,26.3045332630841,FY22,0.25782193298022865,0.05390493750625847
3MINDIA,523395,Q3FY23,0.5192552517053659,-0.037757117008821825,26.195363320190207,FY23,0.268868648889423,0.01594508016356056
3MINDIA,523395,Q3FY24,0.3174486005602973,0.31022099674912496,26.72969667443968,FY24,0.2717480441830778,0.00846698551970247
3MINDIA,523395,Q3FY25,0.5121783297117651,0.0678300428479784,26.54215806306746,FY25,0.25782193298022865,0.05390493750625847
3MINDIA,523395,Q3FY26,0.5626584136509304,0.11545040053270474,26.70360101435927,FY26,0.25782193298022865,0.05390493750625847
3MINDIA,523395,Q4FY21,0.5790936029988949,0.08070729512533519,26.486976135483985,FY21,0.25782193298022865,0.05390493750625847
3MINDIA,523395,Q4FY22,0.5699003534167184,0.0087493698915727,26.051810392804526,FY22,0.25782193298022865,0.05390493750625847
3MINDIA,523395,Q4FY23,0.4057988007867722,0.11806420467829042,26.240831761795228,FY23,0.268868648889423,0.01594508016356056
3MINDIA,523395,Q4FY24,0.541020761200873,0.4313727649670303,26.55066308749126,FY24,0.2717480441830778,0.00846698551970247
3MINDIA,523395,Q4FY25,0.5234571371524313,-0.1411668958958219,26.49140688333444,FY25,0.25782193298022865,0.05390493750625847
3MINDIA,523395,Q4FY26,0.6753171856011729,0.3966746194030137,26.550162027679978,FY26,0.25782193298022865,0.05390493750625847
ABB,500002,Q1FY22,0.43689959495796643,0.3786372760867434,26.65344991985395,FY22,,
ABB,500002,Q1FY23,0.4704238873829448,0.5592736759693602,26.896912014445718,FY23,0.20573914698314172,0.006699180671375731
ABB,500002,Q1FY24,0.7605869771109623,0.8661474506100392,27.55204876940166,FY24,0.20893752313023584,0.00823941055748074
ABB,500002,Q1FY25,1.2440726299144709,1.113688342873501,28.209062365310704,FY25,0.2645278005483789,0.007332447635469373
ABB,500002,Q1FY26,1.2028223935871702,-0.2857447831245396,27.882596132314827,FY26,0.2128971578575266,0.010824414017884148
ABB,500002,Q2FY22,0.45603940819082533,0.543511874135351,26.68737725477743,FY22,0.2128971578575266,0.010824414017884148
ABB,500002,Q2FY23,0.5150313707810098,0.9651556398223737,27.19126481187045,FY23,0.20573914698314172,0.006699180671375731
ABB,500002,Q2FY24,0.8104393142827937,0.42414286800273604,27.477059616613516,FY24,0.20893752313023584,0.00823941055748074
ABB,500002,Q2FY25,1.27503708555906,0.8659560413260847,28.157717707379625,FY25,0.2645278005483789,0.007332447635469373
ABB,500002,Q2FY26,1.1776940888508725,-0.34632715492022464,27.72486170618689,FY26,0.2128971578575266,0.010824414017884148
ABB,500002,Q3FY22,0.4357880273638429,0.7202737161571029,26.864732709012245,FY22,0.2128971578575266,0.010824414017884148
ABB,500002,Q3FY23,0.6009171211769737,0.504423539013183,27.05054722896248,FY23,0.20573914698314172,0.006699180671375731
ABB,500002,Q3FY24,0.8295992777409279,0.39120568167041353,27.608696671319237,FY24,0.20893752313023584,0.00823941055748074
ABB,500002,Q3FY25,1.2875500768410835,0.7156408167110822,28.004719902918414,FY25,0.2645278005483789,0.007332447635469373
ABB,500002,Q3FY26,1.149242993238069,-0.2863067831065755,27.72229251332005,FY26,0.2128971578575266,0.010824414017884148
ABB,500002,Q4FY21,0.3637270340539304,0.23967716142728318,26.401090499581517,FY21,0.2128971578575266,0.010824414017884148
ABB,500002,Q4FY22,0.4637979991922805,0.48815734268400524,26.83027676728782,FY22,0.2128971578575266,0.010824414017884148
ABB,500002,Q4FY23,0.673807661245254,0.5379475228959718,27.277084173966198,FY23,0.20573914698314172,0.006699180671375731
ABB,500002,Q4FY24,0.8573489557024614,0.6864100028759457,27.91666150659408,FY24,0.20893752313023584,0.00823941055748074
ABB,500002,Q4FY25,1.471223107983001,0.1775834941835904,27.784546751521294,FY25,0.2645278005483789,0.007332447635469373
ABB,500002,Q4FY26,0.9494298574265785,0.20905234756043206,27.861381451547658,FY26,0.2128971578575266,0.010824414017884148
ABREL,500040,Q1FY22,0.8808801321443724,0.21772119858405278,24.927966220796847,FY22,,
ABREL,500040,Q1FY23,1.324579107072744,0.5808426699009721,25.199269469170694,FY23,0.06994885305286556,0.2725375883751325
ABREL,500040,Q1FY24,1.0276930052729998,0.11437715627629168,25.271280289419433,FY24,0.012698723844850898,0.6287011766361575
ABREL,500040,Q1FY25,1.3996074585121252,1.649950796881072,26.26523501273302,FY25,-0.04199715644253254,1.3010941967470953
ABREL,500040,Q1FY26,1.3762440429188287,-0.01907691068426794,26.31819514069794,FY26,-0.04199715644253254,1.3010941967470953
ABREL,500040,Q2FY22,0.8223147525175036,0.9060030662383611,25.350027741493484,FY22,-0.04199715644253254,1.3010941967470953
ABREL,500040,Q2FY23,1.3222247471377213,0.14075513476431295,25.210503371033454,FY23,0.06994885305286556,0.2725375883751325
ABREL,500040,Q2FY24,1.0566603232725513,0.23141573399398008,25.536322331843447,FY24,0.012698723844850898,0.6287011766361575
ABREL,500040,Q2FY25,1.2323810169655476,1.3944857456655262,26.47525649472004,FY25,-0.04199715644253254,1.3010941967470953
ABREL,500040,Q2FY26,1.4236344156842158,-0.29182491639355673,25.953189986700455,FY26,-0.04199715644253254,1.3010941967470953
ABREL,500040,Q3FY22,1.0943769007494002,1.0383816667518495,25.32926498898499,FY22,-0.04199715644253254,1.3010941967470953
ABREL,500040,Q3FY23,1.1762162573297044,0.0001362670232124662,25.087053312539805,FY23,0.06994885305286556,0.2725375883751325
ABREL,500040,Q3FY24,1.2243448669827148,0.6286648160178234,25.626569860780254,FY24,0.012698723844850898,0.6287011766361575
ABREL,500040,Q3FY25,1.3720440397267826,1.2480208228049101,26.347664639478975,FY25,-0.04199715644253254,1.3010941967470953
ABREL,500040,Q3FY26,1.4103009893587297,-0.3185529345574583,25.944510320255326,FY26,-0.04199715644253254,1.3010941967470953
ABREL,500040,Q4FY21,0.757438652563108,0.17831355980143015,24.64816369343001,FY21,-0.04199715644253254,1.3010941967470953
ABREL,500040,Q4FY22,1.3167872335511315,0.5973049727970162,25.258191396473354,FY22,-0.04199715644253254,1.3010941967470953
ABREL,500040,Q4FY23,1.042013512237966,-0.21192087800003728,24.964654211442106,FY23,0.06994885305286556,0.2725375883751325
ABREL,500040,Q4FY24,1.2809473668397062,1.3012310976496224,25.914149606885275,FY24,0.012698723844850898,0.6287011766361575
ABREL,500040,Q4FY25,1.4595470166114872,0.2989679743254851,26.1008133943594,FY25,-0.04199715644253254,1.3010941967470953
ABREL,500040,Q4FY26,1.249859147236536,-0.3879865207180465,25.54482021169418,FY26,-0.04199715644253254,1.3010941967470953
ABSLAMC,543374,Q1FY22,,,,FY22,,
ABSLAMC,543374,Q1FY23,0.4151118127006885,-0.39776056127539416,25.385613441308095,FY23,0.23694174390839853,0.019082316576545796
ABSLAMC,543374,Q1FY24,0.6042317189571429,-0.15936957034390636,25.341817954780712,FY24,0.2462573527555477,0.02495834490419328
ABSLAMC,543374,Q1FY25,0.9556994513586259,0.5318164953321796,25.883993247154077,FY25,0.24970015052845954,0.018261973183931825
ABSLAMC,543374,Q1FY26,1.1763327632499494,0.4470869435605594,26.13858249172696,FY26,0.24970015052845954,0.018261973183931825
ABSLAMC,543374,Q2FY22,,,,FY22,0.24970015052845954,0.018261973183931825
ABSLAMC,543374,Q2FY23,0.4709766936721553,-0.31686006418154344,25.528132516600035,FY23,0.23694174390839853,0.019082316576545796
ABSLAMC,543374,Q2FY24,0.5378660159063402,-0.09728343555934067,25.507104310922337,FY24,0.2462573527555477,0.02495834490419328
ABSLAMC,543374,Q2FY25,1.0441845282746096,0.9513171514640727,26.03201973003336,FY25,0.24970015052845954,0.018261973183931825
ABSLAMC,543374,Q2FY26,1.1662852403746138,0.1720041214742417,26.15519630183003,FY26,0.24970015052845954,0.018261973183931825
ABSLAMC,543374,Q3FY22,,-0.16651270549446381,25.66944494231431,FY22,0.24970015052845954,0.018261973183931825
ABSLAMC,543374,Q3FY23,0.5330273766330278,-0.2570604464171893,25.528132516600035,FY23,0.23694174390839853,0.019082316576545796
ABSLAMC,543374,Q3FY24,0.38139767057430973,0.10074215713589325,25.58621529608359,FY24,0.2462573527555477,0.02495834490419328
ABSLAMC,543374,Q3FY25,1.2181506276484497,0.9529577202411096,26.18368369796671,FY25,0.24970015052845954,0.018261973183931825
ABSLAMC,543374,Q3FY26,1.0704221920075994,-0.10646348370766362,26.17241921072027,FY26,0.24970015052845954,0.018261973183931825
ABSLAMC,543374,Q4FY21,,,,FY21,0.24970015052845954,0.018261973183931825
ABSLAMC,543374,Q4FY22,0.3624645713052339,-0.26962601553864896,25.67413878125946,FY22,0.24970015052845954,0.018261973183931825
ABSLAMC,543374,Q4FY23,0.5756239008662494,-0.24638692053084807,25.162419487755084,FY23,0.23694174390839853,0.019082316576545796
ABSLAMC,543374,Q4FY24,0.48634431241332243,0.29864793648935795,25.555163889557118,FY24,0.2462573527555477,0.02495834490419328
ABSLAMC,543374,Q4FY25,1.4176793930691258,0.3538784209417359,25.910456920567093,FY25,0.24970015052845954,0.018261973183931825
ABSLAMC,543374,Q4FY26,1.0888777429595038,0.4597054670573564,26.259254629533558,FY26,0.24970015052845954,0.018261973183931825
ACC,500410,Q1FY22,0.8985533587825718,0.22280343031215707,26.61978881250231,FY22,,
ACC,500410,Q1FY23,0.8435132803476768,0.12826551623865654,26.698938838864265,FY23,0.04676927331334203,0.009492267053818079
ACC,500410,Q1FY24,1.4381367348646994,-0.18704546107000533,26.541972196651354,FY24,0.14299905317297293,0.02173231374883484
ACC,500410,Q1FY25,1.5848758417296458,0.4887761653028943,26.917358784636498,FY25,0.12946056123361882,0.023162150684134165
ACC,500410,Q1FY26,0.9935967591320225,-0.2763542383471553,26.609441342104205,FY26,0.12946056123361882,0.023162150684134165
ACC,500410,Q2FY22,0.8137256950995484,0.4952846149119876,26.732197090085567,FY22,0.12946056123361882,0.023162150684134165
ACC,500410,Q2FY23,0.9074022946063418,0.03710537956363009,26.828571604945935,FY23,0.04676927331334203,0.009492267053818079
ACC,500410,Q2FY24,1.578209161915087,-0.12637995173993333,26.6509510998716,FY24,0.14299905317297293,0.02173231374883484
ACC,500410,Q2FY25,1.493905194394019,0.2076916306362433,26.876203405116033,FY25,0.12946056123361882,0.023162150684134165
ACC,500410,Q2FY26,1.0004301677553942,-0.22251027739520107,26.55999114247014,FY26,0.12946056123361882,0.023162150684134165
ACC,500410,Q3FY22,0.8512950431805064,0.4032388441652089,26.714859847757744,FY22,0.12946056123361882,0.023162150684134165
ACC,500410,Q3FY23,0.9506510008100983,0.14591038464255235,26.839256843026156,FY23,0.04676927331334203,0.009492267053818079
ACC,500410,Q3FY24,1.719037726355623,-0.23548370254681864,26.745255570921362,FY24,0.14299905317297293,0.02173231374883484
ACC,500410,Q3FY25,1.5092108969648073,0.21900635473544466,26.673605657619106,FY25,0.12946056123361882,0.023162150684134165
ACC,500410,Q3FY26,0.7859972621265567,-0.12202537534000037,26.511137950916112,FY26,0.12946056123361882,0.023162150684134165
ACC,500410,Q4FY21,0.9877598093035036,0.06586308535981072,26.562831776576925,FY21,0.12946056123361882,0.023162150684134165
ACC,500410,Q4FY22,0.8776683724409032,0.23796696233289302,26.68536446736427,FY22,0.12946056123361882,0.023162150684134165
ACC,500410,Q4FY23,1.1186549832638248,-0.172738490317141,26.457748835916803,FY23,0.04676927331334203,0.009492267053818079
ACC,500410,Q4FY24,1.215786108331448,0.45145389195291596,26.864662870135636,FY24,0.14299905317297293,0.02173231374883484
ACC,500410,Q4FY25,1.4886335219958147,-0.31541166478014626,26.618600134237745,FY25,0.12946056123361882,0.023162150684134165
ACC,500410,Q4FY26,0.942021432121967,-0.13292115279150482,26.18539235649019,FY26,0.12946056123361882,0.023162150684134165
ADANIENT,512599,Q1FY22,1.325109719607562,1.8835386846656244,28.182471603628816,FY22,,
ADANIENT,512599,Q1FY23,1.5524432020038608,0.6233850403465316,28.55694139640542,FY23,0.07455082310646483,1.6039630861507712
ADANIENT,512599,Q1FY24,2.0990600572778737,0.20260253272622034,28.643518157607694,FY24,0.08293511454191041,1.6713583677384303
ADANIENT,512599,Q1FY25,2.1079559802807903,0.7250681200672381,28.929900816246708,FY25,0.14109401424693777,1.8249239724076634
ADANIENT,512599,Q1FY26,1.5638465481935637,-0.25526662431080027,28.73735712930204,FY26,0.14109401424693777,1.8249239724076634
ADANIENT,512599,Q2FY22,1.2811638260643363,2.2344936672395934,28.156598118377058,FY22,0.14109401424693777,1.8249239724076634
ADANIENT,512599,Q2FY23,1.4643950060960091,1.1918971616174825,29.013080595938682,FY23,0.07455082310646483,1.6039630861507712
ADANIENT,512599,Q2FY24,2.459952793358677,-0.19789521661196766,28.6547690630635,FY24,0.08293511454191041,1.6713583677384303
ADANIENT,512599,Q2FY25,2.0381837332618855,0.17192935883974458,28.916816593517442,FY25,0.14109401424693777,1.8249239724076634
ADANIENT,512599,Q2FY26,1.6062362418886786,-0.25488823940397387,28.693059795148095,FY26,0.14109401424693777,1.8249239724076634
ADANIENT,512599,Q3FY22,1.4149167153514433,2.5291962848968286,28.308800718155606,FY22,0.14109401424693777,1.8249239724076634
ADANIENT,512599,Q3FY23,1.386528270614822,1.345969443313806,29.123280676211493,FY23,0.07455082310646483,1.6039630861507712
ADANIENT,512599,Q3FY24,2.875468218596412,-0.40561205272841405,28.820475892281934,FY24,0.08293511454191041,1.6713583677384303
ADANIENT,512599,Q3FY25,1.958281436532526,0.14617895942740516,28.701601791203007,FY25,0.14109401424693777,1.8249239724076634
ADANIENT,512599,Q3FY26,1.5474379768107849,0.05236990609924898,28.58075378919589,FY26,0.14109401424693777,1.8249239724076634
ADANIENT,512599,Q4FY21,1.1683280217085734,0.6973431026648707,27.80266047471655,FY21,0.14109401424693777,1.8249239724076634
ADANIENT,512599,Q4FY22,1.6182048041898094,1.0418268628524259,28.47312411596623,FY22,0.14109401424693777,1.8249239724076634
ADANIENT,512599,Q4FY23,1.8221811186422165,-0.19203402835851066,28.332913908862732,FY23,0.07455082310646483,1.6039630861507712
ADANIENT,512599,Q4FY24,1.6533459343792445,0.8713742119061806,28.935769551335568,FY24,0.08293511454191041,1.6713583677384303
ADANIENT,512599,Q4FY25,2.0098390406861393,-0.3400598533508892,28.613671488921707,FY25,0.14109401424693777,1.8249239724076634
ADANIENT,512599,Q4FY26,1.6340890329603313,0.005632660542101121,28.33904366875749,FY26,0.14109401424693777,1.8249239724076634
ADANIGREEN,541450,Q1FY22,0.5380384347608065,0.19241062625010588,28.247777680994552,FY22,,
ADANIGREEN,541450,Q1FY23,0.8760476534816541,0.4593400126657816,28.787396231372924,FY23,0.1333515881708653,7.423877327491786
ADANIGREEN,541450,Q1FY24,1.17550463617319,-0.5530207929427304,28.07446511852198,FY24,0.10336402931779741,6.094531103176095
ADANIGREEN,541450,Q1FY25,2.079414558294141,1.1841845357600913,28.711628547749815,FY25,0.1189750350168905,6.5947103897173935
ADANIGREEN,541450,Q1FY26,1.424513101261833,-0.47351622623085154,28.155361299854196,FY26,0.1189750350168905,6.5947103897173935
ADANIGREEN,541450,Q2FY22,0.5729327743028498,0.002251535741827695,28.266884536674162,FY22,0.1189750350168905,6.5947103897173935
ADANIGREEN,541450,Q2FY23,0.9222754814510963,1.2868748715371592,28.945802271020437,FY23,0.1333515881708653,7.423877327491786
ADANIGREEN,541450,Q2FY24,1.3005538843773987,-0.5885707188581893,28.117150265794557,FY24,0.10336402931779741,6.094531103176095
ADANIGREEN,541450,Q2FY25,1.9873731984649454,0.8478512434421327,28.773357420876263,FY25,0.1189750350168905,6.5947103897173935
ADANIGREEN,541450,Q2FY26,1.514827902834623,-0.5062804941246705,28.15657935650287,FY26,0.1189750350168905,6.5947103897173935
ADANIGREEN,541450,Q3FY22,0.6116660112082877,0.2585956536805694,28.41545041096893,FY22,0.1189750350168905,6.5947103897173935
ADANIGREEN,541450,Q3FY23,1.0596679175325106,0.5398710237434776,28.78853575251362,FY23,0.1333515881708653,7.423877327491786
ADANIGREEN,541450,Q3FY24,1.535234995369879,-0.47550477620616594,28.598210385707464,FY24,0.10336402931779741,6.094531103176095
ADANIGREEN,541450,Q3FY25,1.6624576366904966,0.42938890840581834,28.169977033217727,FY25,0.1189750350168905,6.5947103897173935
ADANIGREEN,541450,Q3FY26,1.673613957935683,0.15697511514013548,28.145070622231945,FY26,0.1189750350168905,6.5947103897173935
ADANIGREEN,541450,Q4FY21,0.14656127843006725,0.08809046270027202,28.22979307352639,FY21,0.1189750350168905,6.5947103897173935
ADANIGREEN,541450,Q4FY22,0.8741008401130457,0.6149635141878321,28.7796444433699,FY22,0.1189750350168905,6.5947103897173935
ADANIGREEN,541450,Q4FY23,1.0999695931305102,-0.7558054727376913,28.003556137709875,FY23,0.1333515881708653,7.423877327491786
ADANIGREEN,541450,Q4FY24,1.232842802309913,2.1730272965730664,28.737209751813065,FY24,0.10336402931779741,6.094531103176095
ADANIGREEN,541450,Q4FY25,1.84077220261224,-0.5636726889878593,28.07736818453818,FY25,0.1189750350168905,6.5947103897173935
ADANIGREEN,541450,Q4FY26,1.6930418533030083,0.0742020361282158,27.915528012603527,FY26,0.1189750350168905,6.5947103897173935
ADANIPOWER,533096,Q1FY22,0.6548863093590789,0.9012961318569355,26.80450192011275,FY22,,
ADANIPOWER,533096,Q1FY23,1.5065225637498991,2.2275352576338734,27.644723206810088,FY23,0.35904277930596346,1.4118710682876965
ADANIPOWER,533096,Q1FY24,1.1378164909878863,-0.16602637053690228,27.594000447568696,FY24,0.48276220922780677,0.7980309667185305
ADANIPOWER,533096,Q1FY25,1.8228603594761723,2.018218421895025,28.6504445685228,FY25,0.22962623269453666,0.6984618016653567
ADANIPOWER,533096,Q1FY26,1.175066730669399,-0.23083446371397137,28.446032775762667,FY26,0.22962623269453666,0.6984618016653567
ADANIPOWER,533096,Q2FY22,0.7112343907608729,0.9641078053253057,26.64888106457567,FY22,0.22962623269453666,0.6984618016653567
ADANIPOWER,533096,Q2FY23,1.3939684154773102,3.7974159515042825,27.996057649069115,FY23,0.35904277930596346,1.4118710682876965
ADANIPOWER,533096,Q2FY24,1.3798031998524332,-0.1588114912280541,28.006577766637204,FY24,0.48276220922780677,0.7980309667185305
ADANIPOWER,533096,Q2FY25,1.767212237559959,1.0750165374520397,28.559529074135014,FY25,0.22962623269453666,0.6984618016653567
ADANIPOWER,533096,Q2FY26,1.1294834642368419,-0.0722366920085558,28.656894587010942,FY26,0.22962623269453666,0.6984618016653567
ADANIPOWER,533096,Q3FY22,0.9458521587366981,1.0289133522679992,26.675305389100785,FY22,0.22962623269453666,0.6984618016653567
ADANIPOWER,533096,Q3FY23,1.3200679635860482,2.2632099669656562,27.775421031332744,FY23,0.35904277930596346,1.4118710682876965
ADANIPOWER,533096,Q3FY24,1.775889514050176,0.31841715022940453,28.336823609796124,FY24,0.48276220922780677,0.7980309667185305
ADANIPOWER,533096,Q3FY25,1.4649221091182283,0.4227465331938361,28.34497841146221,FY25,0.22962623269453666,0.6984618016653567
ADANIPOWER,533096,Q3FY26,1.2885055153708191,0.6833085615527326,28.645352333945038,FY26,0.22962623269453666,0.6984618016653567
ADANIPOWER,533096,Q4FY21,0.40602160417235744,0.10069793178176287,26.516379017647356,FY21,0.22962623269453666,0.6984618016653567
ADANIPOWER,533096,Q4FY22,1.4827166612990006,1.2297296531014068,27.294035917294522,FY22,0.22962623269453666,0.6984618016653567
ADANIPOWER,533096,Q4FY23,1.1332378767071538,0.16527278047215152,27.328549542922644,FY23,0.35904277930596346,1.4118710682876965
ADANIPOWER,533096,Q4FY24,1.6200521097742513,3.051491369179658,28.353160942329836,FY24,0.48276220922780677,0.7980309667185305
ADANIPOWER,533096,Q4FY25,1.5661273717646589,-0.10087605400257925,28.306176925232386,FY25,0.22962623269453666,0.6984618016653567
ADANIPOWER,533096,Q4FY26,1.144831774335029,0.449613179061385,28.696075408805044,FY26,0.22962623269453666,0.6984618016653567
AFFLE,542752,Q1FY22,0.6807041096186583,0.3654370224710992,25.51916159757197,FY22,,
AFFLE,542752,Q1FY23,1.377633936484439,-0.006002019492390058,25.72775767371373,FY23,0.1669491369242436,0.07209714883645689
AFFLE,542752,Q1FY24,0.7445786527530662,0.01524215338879279,25.761146658950253,FY24,0.11900089670301517,0.07310931770508078
AFFLE,542752,Q1FY25,0.985692751824945,0.2896180419705105,25.964632707273545,FY25,0.12960277377202517,0.027862276625791587
AFFLE,542752,Q1FY26,1.2564363410908417,0.41358519837369734,26.36150258425282,FY26,0.12960277377202517,0.027862276625791587
AFFLE,542752,Q2FY22,0.8073516808750784,0.23072548762902326,25.735826481259117,FY22,0.12960277377202517,0.027862276625791587
AFFLE,542752,Q2FY23,1.2519015767686326,0.5792545679797506,25.901229763191598,FY23,0.1669491369242436,0.07209714883645689
AFFLE,542752,Q2FY24,0.8897788302711468,-0.15982422102462612,25.770769078178567,FY24,0.11900089670301517,0.07310931770508078
AFFLE,542752,Q2FY25,1.005877686503557,0.506764567920009,26.131932976358062,FY25,0.12960277377202517,0.027862276625791587
AFFLE,542752,Q2FY26,1.198140982769594,0.15605046109829396,26.335854904896962,FY26,0.12960277377202517,0.027862276625791587
AFFLE,542752,Q3FY22,0.8234814392842438,0.4403372128690968,25.789164142917798,FY22,0.12960277377202517,0.027862276625791587
AFFLE,542752,Q3FY23,1.3009404533948432,0.05670277706867482,25.748709841825477,FY23,0.1669491369242436,0.07209714883645689
AFFLE,542752,Q3FY24,0.8130129090740652,-0.09138389614939335,25.936251319621878,FY24,0.11900089670301517,0.07310931770508078
AFFLE,542752,Q3FY25,1.0068193380361703,0.5551767921017732,26.247643282888887,FY25,0.12960277377202517,0.027862276625791587
AFFLE,542752,Q3FY26,1.2206345284840787,0.06537590948442265,26.25665903028165,FY26,0.12960277377202517,0.027862276625791587
AFFLE,542752,Q4FY21,0.5205548548696151,0.34450436979462484,25.756813660113302,FY21,0.12960277377202517,0.027862276625791587
AFFLE,542752,Q4FY22,1.2768637573008998,0.12174614618044098,25.900357182179558,FY22,0.12960277377202517,0.027862276625791587
AFFLE,542752,Q4FY23,1.0558507179749377,-0.14661274456402573,25.656221788421465,FY23,0.1669491369242436,0.07209714883645689
AFFLE,542752,Q4FY24,1.0307549756157879,0.10628924601550947,25.710059687847643,FY24,0.11900089670301517,0.07310931770508078
AFFLE,542752,Q4FY25,1.0892589072223742,0.31871543485039683,26.144538923143738,FY25,0.12960277377202517,0.027862276625791587
AFFLE,542752,Q4FY26,0.8177120622827747,-0.07160965817013286,26.04014839793488,FY26,0.12960277377202517,0.027862276625791587
AIAENG,532683,Q1FY22,0.3610561014604864,-0.03099441537671283,25.999169251612457,FY22,,
AIAENG,532683,Q1FY23,0.4605462368440772,0.18281996849538593,26.04216592670677,FY23,0.18553301989729634,0.08830128514866308
AIAENG,532683,Q1FY24,0.44762261575706974,0.6397363766564206,26.40967422203793,FY24,0.1705643320297532,0.06925173834089303
AIAENG,532683,Q1FY25,0.37068223914880705,0.29211793838531447,26.680564585274066,FY25,0.15313068355840823,0.07081973629443887
AIAENG,532683,Q1FY26,0.6796626793468736,-0.060523205469467774,26.450975650509047,FY26,0.15313068355840823,0.07081973629443887
AIAENG,532683,Q2FY22,0.39485280490319186,0.03192528093663282,25.913492132373733,FY22,0.15313068355840823,0.07081973629443887
AIAENG,532683,Q2FY23,0.523581802117244,0.3538864009086516,26.16634678134264,FY23,0.18553301989729634,0.08830128514866308
AIAENG,532683,Q2FY24,0.23182925481020594,0.4493397127851618,26.506985339377675,FY24,0.1705643320297532,0.06925173834089303
AIAENG,532683,Q2FY25,0.4408047896498707,0.1945723699141147,26.72113233188506,FY25,0.15313068355840823,0.07081973629443887
AIAENG,532683,Q2FY26,0.6994158969544737,-0.2951800802694982,26.37552723786359,FY26,0.15313068355840823,0.07081973629443887
AIAENG,532683,Q3FY22,0.38036034661890916,-0.04934227215947407,25.870196147106952,FY22,0.15313068355840823,0.07081973629443887
AIAENG,532683,Q3FY23,0.5369644618632079,0.47503318720198073,26.188321852645046,FY23,0.18553301989729634,0.08830128514866308
AIAENG,532683,Q3FY24,0.23166908797716873,0.3298379786334592,26.55609137865408,FY24,0.1705643320297532,0.06925173834089303
AIAENG,532683,Q3FY25,0.5206905421536784,0.0077847265135958755,26.478642432095537,FY25,0.15313068355840823,0.07081973629443887
AIAENG,532683,Q3FY26,0.8468813940734581,0.11003868021902871,26.649964067573432,FY26,0.15313068355840823,0.07081973629443887
AIAENG,532683,Q4FY21,0.32616499372500696,-0.0756313065492435,25.957449416778115,FY21,0.15313068355840823,0.07081973629443887
AIAENG,532683,Q4FY22,0.45279649590143867,-0.12130625870203937,25.72703975924538,FY22,0.15313068355840823,0.07081973629443887
AIAENG,532683,Q4FY23,0.4790938830485318,0.544670885983821,26.312161946970605,FY23,0.18553301989729634,0.08830128514866308
AIAENG,532683,Q4FY24,0.5777846009720409,0.3262238563386327,26.61547963142149,FY24,0.1705643320297532,0.06925173834089303
AIAENG,532683,Q4FY25,0.4300537989119074,-0.16538850466163948,26.46355553011656,FY25,0.15313068355840823,0.07081973629443887
AIAENG,532683,Q4FY26,0.8496449398314248,0.15106499380588181,26.55035345500078,FY26,0.15313068355840823,0.07081973629443887
AJANTPHARM,532331,Q1FY22,0.20168959679977355,0.1711637517335894,25.854100470955046,FY22,,
AJANTPHARM,532331,Q1FY23,0.39984358736591197,-0.10622215361254227,25.710617347712546,FY23,0.17354832806472273,0.010516559966233666
AJANTPHARM,532331,Q1FY24,0.1436937682871018,0.16006740071507425,25.896125949526567,FY24,0.22878759422207395,0.009889638585288322
AJANTPHARM,532331,Q1FY25,0.22545885703055613,0.9318504292476966,26.358199153057928,FY25,0.24282838516314056,0.012510916051278399
AJANTPHARM,532331,Q1FY26,0.575169451999385,0.0457961089174072,26.485409846718067,FY26,0.24282838516314056,0.012510916051278399
AJANTPHARM,532331,Q2FY22,0.15840976156763648,0.34932310818770407,25.91257918482658,FY22,0.24282838516314056,0.012510916051278399
AJANTPHARM,532331,Q2FY23,0.4069727739559946,-0.07189567928637904,25.740004663559255,FY23,0.17354832806472273,0.010516559966233666
AJANTPHARM,532331,Q2FY24,0.08416881155704743,0.3311875893851,26.10701769116523,FY24,0.22878759422207395,0.009889638585288322
AJANTPHARM,532331,Q2FY25,0.17858781175242952,0.853970629917005,26.694521551812723,FY25,0.24282838516314056,0.012510916051278399
AJANTPHARM,532331,Q2FY26,0.7005433063267303,-0.16690041358105348,26.418000164066374,FY26,0.24282838516314056,0.012510916051278399
AJANTPHARM,532331,Q3FY22,0.18542243988122475,0.2882403394197664,25.89808267177293,FY22,0.24282838516314056,0.012510916051278399
AJANTPHARM,532331,Q3FY23,0.36313275376867943,-0.10618281590029528,25.696888973450896,FY23,0.17354832806472273,0.010516559966233666
AJANTPHARM,532331,Q3FY24,0.17416260812364825,0.6185366020066562,26.253407725390733,FY24,0.22878759422207395,0.009889638585288322
AJANTPHARM,532331,Q3FY25,0.28927541497722575,0.5649492006517212,26.615662859584827,FY25,0.24282838516314056,0.012510916051278399
AJANTPHARM,532331,Q3FY26,0.7650073623069686,-0.13528161976779607,26.569514527733645,FY26,0.24282838516314056,0.012510916051278399
AJANTPHARM,532331,Q4FY21,0.2357668467231173,0.05853841117569613,25.672514024795554,FY21,0.24282838516314056,0.012510916051278399
AJANTPHARM,532331,Q4FY22,0.4657455087198743,-0.025620503037717554,25.687336619415873,FY22,0.24282838516314056,0.012510916051278399
AJANTPHARM,532331,Q4FY23,0.14385548871726922,-0.05555472130855224,25.694286542660723,FY23,0.17354832806472273,0.010516559966233666
AJANTPHARM,532331,Q4FY24,0.2975378905773355,0.7992607780873568,26.333253632658575,FY24,0.22878759422207395,0.009889638585288322
AJANTPHARM,532331,Q4FY25,0.3899521949498217,0.23332530958744177,26.504228530644973,FY25,0.24282838516314056,0.012510916051278399
AJANTPHARM,532331,Q4FY26,0.7100033290355652,0.11894150130357499,26.58250365736344,FY26,0.24282838516314056,0.012510916051278399
AKZOINDIA,500710,Q1FY22,0.4707359908603684,-0.05160157273115825,25.222143012471278,FY22,,
AKZOINDIA,500710,Q1FY23,0.2855444550850669,-0.16679051082600865,25.034244495382854,FY23,0.2545772240370736,0.05295145483552382
AKZOINDIA,500710,Q1FY24,0.13231090369434007,0.4612610239728142,25.318567107879673,FY24,0.320775998195353,0.0454169486427551
AKZOINDIA,500710,Q1FY25,0.5013796935771193,0.08930138942891741,25.504562482157322,FY25,0.3228837768756578,0.04668470906630582
AKZOINDIA,500710,Q1FY26,0.48623578798705136,0.3375859525042435,25.718605902844327,FY26,0.3228837768756578,0.04668470906630582
AKZOINDIA,500710,Q2FY22,0.4380088534109375,-0.05662530614495606,25.205356350893688,FY22,0.3228837768756578,0.04668470906630582
AKZOINDIA,500710,Q2FY23,0.27729596896982744,-0.07657672269121141,25.2091256589176,FY23,0.2545772240370736,0.05295145483552382
AKZOINDIA,500710,Q2FY24,0.15455745640899823,0.4767908960891698,25.36408387885975,FY24,0.320775998195353,0.0454169486427551
AKZOINDIA,500710,Q2FY25,0.5251471414467155,0.25931166026476,25.79927685616995,FY25,0.3228837768756578,0.04668470906630582
AKZOINDIA,500710,Q2FY26,0.47762760401924387,0.061581723325054065,25.738660913172403,FY26,0.3228837768756578,0.04668470906630582
AKZOINDIA,500710,Q3FY22,0.4269051110022038,-0.11231628622236811,25.094892644039952,FY22,0.3228837768756578,0.04668470906630582
AKZOINDIA,500710,Q3FY23,0.2299542188473791,0.1423808568771443,25.21540809885659,FY23,0.2545772240370736,0.05295145483552382
AKZOINDIA,500710,Q3FY24,0.28762970332447113,0.08169305920636255,25.402731827665747,FY24,0.320775998195353,0.0454169486427551
AKZOINDIA,500710,Q3FY25,0.5041748100090735,0.5776148449687392,25.768144556366394,FY25,0.3228837768756578,0.04668470906630582
AKZOINDIA,500710,Q3FY26,0.4550677573979597,-0.03651088345624296,25.697895587498966,FY26,0.3228837768756578,0.04668470906630582
AKZOINDIA,500710,Q4FY21,0.36089487981904356,-0.09173096923310242,25.196962292630143,FY21,0.3228837768756578,0.04668470906630582
AKZOINDIA,500710,Q4FY22,0.39523048523992343,-0.10813950534342541,25.046580978448176,FY22,0.3228837768756578,0.04668470906630582
AKZOINDIA,500710,Q4FY23,0.1896152401128403,0.16368378806266876,25.26265178887463,FY23,0.2545772240370736,0.05295145483552382
AKZOINDIA,500710,Q4FY24,0.5388284116988531,0.28674909173160346,25.331452770074545,FY24,0.320775998195353,0.0454169486427551
AKZOINDIA,500710,Q4FY25,0.5487357353398643,0.20956455235559499,25.77071871613515,FY25,0.3228837768756578,0.04668470906630582
AKZOINDIA,500710,Q4FY26,0.5416123491126567,-0.02116450222072982,25.58732138929456,FY26,0.3228837768756578,0.04668470906630582
ALKEM,539523,Q1FY22,0.31875587710198133,0.06035762675413298,26.61921525503225,FY22,,
ALKEM,539523,Q1FY23,0.34462704567729796,0.07152807353038237,26.564398456786535,FY23,0.10880469282908563,0.15440964302968727
ALKEM,539523,Q1FY24,0.3533245504940512,0.1472132254404994,26.736150077979676,FY24,0.1741427028159262,0.1375486566214704
ALKEM,539523,Q1FY25,0.6340340729843528,0.5963456282298015,27.096409726610784,FY25,0.18068447968146506,0.11522027356158222
ALKEM,539523,Q1FY26,0.566689143390913,-0.056559280339731496,27.094616313823593,FY26,0.18068447968146506,0.11522027356158222
ALKEM,539523,Q2FY22,0.28460077422088886,0.3278423219789409,26.83917896114025,FY22,0.18068447968146506,0.11522027356158222
ALKEM,539523,Q2FY23,0.37681732292735426,-0.22617306390518446,26.65454479974486,FY23,0.10880469282908563,0.15440964302968727
ALKEM,539523,Q2FY24,0.387965932513585,0.2760226952572306,26.76466208097148,FY24,0.1741427028159262,0.1375486566214704
ALKEM,539523,Q2FY25,0.567134927952601,0.6354278185884471,27.290103688749532,FY25,0.18068447968146506,0.11522027356158222
ALKEM,539523,Q2FY26,0.6072926233004963,-0.09163641983072432,27.19011473350869,FY26,0.18068447968146506,0.11522027356158222
ALKEM,539523,Q3FY22,0.2646681805156027,0.1890531504877408,26.745300929317384,FY22,0.18068447968146506,0.11522027356158222
ALKEM,539523,Q3FY23,0.3879009027782161,-0.11278071474493545,26.56773315800647,FY23,0.10880469282908563,0.15440964302968727
ALKEM,539523,Q3FY24,0.5430667016586717,0.5003951865773236,27.131249295803496,FY24,0.1741427028159262,0.1375486566214704
ALKEM,539523,Q3FY25,0.5245152522240267,0.29479956047805533,27.218384716951515,FY25,0.18068447968146506,0.11522027356158222
ALKEM,539523,Q3FY26,0.685106749973823,0.0325877556760046,27.205026028580182,FY26,0.18068447968146506,0.11522027356158222
ALKEM,539523,Q4FY21,0.21469051889058716,-0.06944569460140361,26.4750426158071,FY21,0.18068447968146506,0.11522027356158222
ALKEM,539523,Q4FY22,0.3709370306891018,0.20029710868474682,26.752936978973025,FY22,0.18068447968146506,0.11522027356158222
ALKEM,539523,Q4FY23,0.3634173110758343,-0.014394543598842235,26.702350067753756,FY23,0.10880469282908563,0.15440964302968727
ALKEM,539523,Q4FY24,0.6798978359239592,0.5601298882662303,27.086473207372382,FY24,0.1741427028159262,0.1375486566214704
ALKEM,539523,Q4FY25,0.5321373450936222,-0.14789255876915033,27.082946931213858,FY25,0.18068447968146506,0.11522027356158222
ALKEM,539523,Q4FY26,0.8140055181918397,0.2015360225535415,27.174644117005034,FY26,0.18068447968146506,0.11522027356158222
AMBER,540902,Q1FY22,0.4790032476855398,0.13724175221000778,25.35777979484564,FY22,,
AMBER,540902,Q1FY23,0.7566110396575949,-0.030264833917274515,25.093515332933716,FY23,0.08235842729811292,0.7623287139800805
AMBER,540902,Q1FY24,0.6577701906745879,-0.1479864479773678,25.097757119117176,FY24,0.06436893491708995,0.7454852298845898
AMBER,540902,Q1FY25,1.0841037207598045,0.6823463282627344,25.792974245625736,FY25,0.10655293693647029,0.900698724565396
AMBER,540902,Q1FY26,1.2662677279219845,0.7420064901069144,26.196502387523278,FY26,0.10655293693647029,0.900698724565396
AMBER,540902,Q2FY22,0.4524679199900138,0.21313323685568802,25.466936664722287,FY22,0.10655293693647029,0.900698724565396
AMBER,540902,Q2FY23,0.8015079084232255,-0.2188717101631259,25.144303325850366,FY23,0.08235842729811292,0.7623287139800805
AMBER,540902,Q2FY24,0.5254035074054009,0.2718849060681753,25.374924073023415,FY24,0.06436893491708995,0.7454852298845898
AMBER,540902,Q2FY25,1.0045417979819296,0.5863426901641373,25.854585135300066,FY25,0.10655293693647029,0.900698724565396
AMBER,540902,Q2FY26,1.376499534411175,0.7732903460938717,26.374580272606064,FY26,0.10655293693647029,0.900698724565396
AMBER,540902,Q3FY22,0.3752947365749588,0.2725557930835863,25.482894692931264,FY22,0.10655293693647029,0.900698724565396
AMBER,540902,Q3FY23,0.9143131233579219,-0.40800048939078687,24.92133960769975,FY23,0.08235842729811292,0.7623287139800805
AMBER,540902,Q3FY24,0.8443429499176252,0.5335011572253344,25.426831885076197,FY24,0.06436893491708995,0.7454852298845898
AMBER,540902,Q3FY25,0.8290114758544203,0.7915546946605174,26.283871283031008,FY25,0.10655293693647029,0.900698724565396
AMBER,540902,Q3FY26,1.6673915328687847,0.09727717011868564,26.1383398331497,FY26,0.10655293693647029,0.900698724565396
AMBER,540902,Q4FY21,0.47439213010102177,0.3546913150169042,25.48278918904834,FY21,0.10655293693647029,0.900698724565396
AMBER,540902,Q4FY22,0.5923295826218877,0.11787846403157444,25.543459017659732,FY22,0.10655293693647029,0.900698724565396
AMBER,540902,Q4FY23,0.9113203769619176,-0.4162216546706913,24.885435930118984,FY23,0.08235842729811292,0.7623287139800805
AMBER,540902,Q4FY24,1.1388753203694795,1.034845806474689,25.580909679797916,FY24,0.06436893491708995,0.7454852298845898
AMBER,540902,Q4FY25,0.9386462490333715,0.4938996326932669,26.25966200827829,FY25,0.10655293693647029,0.900698724565396
AMBER,540902,Q4FY26,1.4864667330049643,0.45885659881216706,26.163387524806165,FY26,0.10655293693647029,0.900698724565396
AMBUJACEM,500425,Q1FY22,0.9342851412896411,0.29702089643669366,27.42554868312459,FY22,,
AMBUJACEM,500425,Q1FY23,0.8156598581922887,0.14982155450969412,27.51014585840291,FY23,,
AMBUJACEM,500425,Q1FY24,1.5893954001206536,0.17113630332906465,27.66994755893388,FY24,0.08620639742466409,0.016863248968437466
AMBUJACEM,500425,Q1FY25,1.7570320378655369,0.5882018372593459,28.132218717581555,FY25,0.07797860347190712,0.014753967994087186
AMBUJACEM,500425,Q1FY26,1.0687771995768562,-0.12612788704992361,27.986843845116734,FY26,0.07797860347190712,0.014753967994087186
AMBUJACEM,500425,Q2FY22,0.8847524963997909,0.6844866705376174,27.586657461767885,FY22,0.07797860347190712,0.014753967994087186
AMBUJACEM,500425,Q2FY23,0.8441749722239151,0.05062802569206024,27.861074303094927,FY23,0.07797860347190712,0.014753967994087186
AMBUJACEM,500425,Q2FY24,1.8835133363408307,0.10512852213781879,27.67317210041292,FY24,0.08620639742466409,0.016863248968437466
AMBUJACEM,500425,Q2FY25,1.6841145009266656,0.3661026240405066,28.074327200815752,FY25,0.07797860347190712,0.014753967994087186
AMBUJACEM,500425,Q2FY26,1.085532873316835,-0.08851637677606315,27.9737706245166,FY26,0.07797860347190712,0.014753967994087186
AMBUJACEM,500425,Q3FY22,0.9302894351598707,0.5096568578620371,27.528263702704674,FY22,0.07797860347190712,0.014753967994087186
AMBUJACEM,500425,Q3FY23,0.9188506055111014,0.5934163447710505,27.877425486871473,FY23,0.07797860347190712,0.014753967994087186
AMBUJACEM,500425,Q3FY24,2.0322853372290295,-0.22560964421465807,27.877111771923744,FY24,0.08620639742466409,0.016863248968437466
AMBUJACEM,500425,Q3FY25,1.6357875774708943,0.26477951725218185,27.908328931495774,FY25,0.07797860347190712,0.014753967994087186
AMBUJACEM,500425,Q3FY26,0.9148840622240262,0.1045959014817529,27.94961951413724,FY26,0.07797860347190712,0.014753967994087186
AMBUJACEM,500425,Q4FY21,1.0055058864836588,0.090293120277072,27.327548829509627,FY21,0.07797860347190712,0.014753967994087186
AMBUJACEM,500425,Q4FY22,0.9828574365169864,0.18139027051242457,27.31702236516256,FY22,0.07797860347190712,0.014753967994087186
AMBUJACEM,500425,Q4FY23,1.085269356924575,0.05568059935584832,27.51714599493166,FY23,0.07797860347190712,0.014753967994087186
AMBUJACEM,500425,Q4FY24,1.2672108145875869,0.7751096357506129,28.03885761687344,FY24,0.08620639742466409,0.016863248968437466
AMBUJACEM,500425,Q4FY25,1.693352135529132,-0.2006342102008962,27.913076787595706,FY25,0.07797860347190712,0.014753967994087186
AMBUJACEM,500425,Q4FY26,1.1481740107786382,0.053869484918181366,27.622806639860315,FY26,0.07797860347190712,0.014753967994087186
ANANDRATHI,543415,Q1FY22,,,,FY22,,
ANANDRATHI,543415,Q1FY23,0.7024986927403593,0.14902693975047024,23.991464483350093,FY23,0.3596651573718066,0.07841392267378622
ANANDRATHI,543415,Q1FY24,0.23917896055800525,0.4081493817551266,24.29266388289759,FY24,0.3467257657346645,0.07962946980368465
ANANDRATHI,543415,Q1FY25,0.24987259272310747,3.93676757721559,25.804372699398233,FY25,0.44486109353298064,0.1176620619960589
ANANDRATHI,543415,Q1FY26,0.4601313403598969,-0.07033412870908283,25.91038894453773,FY26,0.44486109353298064,0.1176620619960589
ANANDRATHI,543415,Q2FY22,,,,FY22,0.44486109353298064,0.1176620619960589
ANANDRATHI,543415,Q2FY23,0.5997978515211074,0.13185511445475603,23.999615946606642,FY23,0.3596651573718066,0.07841392267378622
ANANDRATHI,543415,Q2FY24,0.10755562930493809,1.2319965794021095,24.955861879885568,FY24,0.3467257657346645,0.07962946980368465
ANANDRATHI,543415,Q2FY25,0.3332192171898777,1.7530622160887537,25.80884090111923,FY25,0.44486109353298064,0.1176620619960589
ANANDRATHI,543415,Q2FY26,0.47652769838910014,0.5727076993038316,26.179565006528225,FY26,0.44486109353298064,0.1176620619960589
ANANDRATHI,543415,Q3FY22,,,23.873630560443132,FY22,0.44486109353298064,0.1176620619960589
ANANDRATHI,543415,Q3FY23,0.5545451345765453,0.24162724253480722,24.07386840350517,FY23,0.3596651573718066,0.07841392267378622
ANANDRATHI,543415,Q3FY24,0.04704833904034411,2.5560136973337904,25.39232314751829,FY24,0.3467257657346645,0.07962946980368465
ANANDRATHI,543415,Q3FY25,0.4851654916817141,0.7781809028907175,25.815311385055253,FY25,0.44486109353298064,0.1176620619960589
ANANDRATHI,543415,Q3FY26,0.4100038207542802,0.4313103889083019,26.277749117640315,FY26,0.44486109353298064,0.1176620619960589
ANANDRATHI,543415,Q4FY21,,,,FY21,0.44486109353298064,0.1176620619960589
ANANDRATHI,543415,Q4FY22,0.6885671400594191,-0.03419895680376008,23.911612069436632,FY22,0.44486109353298064,0.1176620619960589
ANANDRATHI,543415,Q4FY23,0.47090778560770985,0.36296923335821785,24.214766959856536,FY23,0.3596651573718066,0.07841392267378622
ANANDRATHI,543415,Q4FY24,0.010926543639086989,3.69601190946994,25.746042423670943,FY24,0.3467257657346645,0.07962946980368465
ANANDRATHI,543415,Q4FY25,0.4835857600883565,0.09919929810271616,25.78450484701671,FY25,0.44486109353298064,0.1176620619960589
ANANDRATHI,543415,Q4FY26,0.433366788372333,0.6488734055582959,26.25269819562755,FY26,0.44486109353298064,0.1176620619960589
ANANTRAJ,515055,Q1FY22,0.3474959714706233,1.1415268613649423,23.781907694671197,FY22,,
ANANTRAJ,515055,Q1FY23,1.4705513827039434,-0.11104248899420228,23.626068445593447,FY23,0.05349098646668269,0.38209828204138807
ANANTRAJ,515055,Q1FY24,2.022554208950125,1.9796332738321474,24.876745528004033,FY24,0.07272983364723871,0.17141219681395947
ANANTRAJ,515055,Q1FY25,1.588901562518601,1.57302441482273,25.761707617087914,FY25,0.1023409112370291,0.11574648028616326
ANANTRAJ,515055,Q1FY26,1.819961153910495,0.47723496474823723,26.039458505611137,FY26,0.1023409112370291,0.11574648028616326
ANANTRAJ,515055,Q2FY22,0.5676910153666672,1.4040970030748285,24.022679689490563,FY22,0.1023409112370291,0.11574648028616326
ANANTRAJ,515055,Q2FY23,1.507088987286131,0.4409002170298811,24.270842716725348,FY23,0.05349098646668269,0.38209828204138807
ANANTRAJ,515055,Q2FY24,2.2101259074210207,1.908254077333329,25.090428005979966,FY24,0.07272983364723871,0.17141219681395947
ANANTRAJ,515055,Q2FY25,1.5984333095929872,2.0315689729422486,26.257416110891175,FY25,0.1023409112370291,0.11574648028616326
ANANTRAJ,515055,Q2FY26,1.689597744519256,-0.14061222552829641,26.249706684213344,FY26,0.1023409112370291,0.11574648028616326
ANANTRAJ,515055,Q3FY22,0.8564343950523707,1.5066112967723204,24.04160356141028,FY22,0.1023409112370291,0.11574648028616326
ANANTRAJ,515055,Q3FY23,1.6081380672872168,0.5231374623479655,24.415007643953892,FY23,0.05349098646668269,0.38209828204138807
ANANTRAJ,515055,Q3FY24,1.7993064711187872,1.5595198317999674,25.38593460265757,FY24,0.07272983364723871,0.17141219681395947
ANANTRAJ,515055,Q3FY25,1.5580060503224091,1.655223743138725,26.451580438250186,FY25,0.1023409112370291,0.11574648028616326
ANANTRAJ,515055,Q3FY26,1.811546742995848,-0.1339183011681949,26.006269745701264,FY26,0.1023409112370291,0.11574648028616326
ANANTRAJ,515055,Q4FY21,0.15088615049848172,0.8454375848689428,23.68718314452556,FY21,0.1023409112370291,0.11574648028616326
ANANTRAJ,515055,Q4FY22,1.4011848610295554,0.6006915416484839,23.881401505487254,FY22,0.1023409112370291,0.11574648028616326
ANANTRAJ,515055,Q4FY23,1.7014179529440492,0.5129223429347279,24.500866195461626,FY23,0.05349098646668269,0.38209828204138807
ANANTRAJ,515055,Q4FY24,1.4815464223106236,2.3414754312549957,25.439538046403438,FY24,0.07272983364723871,0.17141219681395947
ANANTRAJ,515055,Q4FY25,1.8425421702274851,0.4762874135272968,25.897735132890364,FY25,0.1023409112370291,0.11574648028616326
ANANTRAJ,515055,Q4FY26,1.662399083587568,0.05404821884402589,25.706886670156702,FY26,0.1023409112370291,0.11574648028616326
ANGELONE,543235,Q1FY22,0.43090806112114133,1.2628367175308863,24.984285227507275,FY22,,
ANGELONE,543235,Q1FY23,1.5534375258246604,1.077965065063905,25.343471119701178,FY23,0.41171876951717234,0.3644833957728638
ANGELONE,543235,Q1FY24,1.3509042033797556,0.05211347391862868,25.72722003500053,FY24,0.37040969155891706,0.8362796982692375
ANGELONE,543235,Q1FY25,1.3936055600580368,1.058769977403383,26.157381527784214,FY25,0.20850347191214713,0.6072754499859288
ANGELONE,543235,Q1FY26,1.507417948542713,0.18887421211171074,26.291579174700253,FY26,0.20850347191214713,0.6072754499859288
ANGELONE,543235,Q2FY22,0.5362663285920364,2.6758395753544084,25.420897525618916,FY22,0.20850347191214713,0.6072754499859288
ANGELONE,543235,Q2FY23,1.4956612155568738,0.2101229189918754,25.470666222643064,FY23,0.41171876951717234,0.3644833957728638
ANGELONE,543235,Q2FY24,1.3620017930758266,0.45986212974610313,25.80703791617434,FY24,0.37040969155891706,0.8362796982692375
ANGELONE,543235,Q2FY25,1.4956074814401235,0.48263969265290724,26.14177239970117,FY25,0.20850347191214713,0.6072754499859288
ANGELONE,543235,Q2FY26,1.5319847928526666,-0.11301652717050298,25.97633214903625,FY26,0.20850347191214713,0.6072754499859288
ANGELONE,543235,Q3FY22,0.7823059699526025,2.436020184953262,25.31285441849377,FY22,0.20850347191214713,0.6072754499859288
ANGELONE,543235,Q3FY23,1.552054077692329,0.475100995292834,25.43837360434309,FY23,0.41171876951717234,0.3644833957728638
ANGELONE,543235,Q3FY24,0.9175429148338816,1.1631185891498392,26.44656039032869,FY24,0.37040969155891706,0.8362796982692375
ANGELONE,543235,Q3FY25,1.5742387107721822,-0.029349886831841424,26.276666691112656,FY25,0.20850347191214713,0.6072754499859288
ANGELONE,543235,Q3FY26,1.7363026097058556,-0.03292606906598876,26.07089596074767,FY26,0.20850347191214713,0.6072754499859288
ANGELONE,543235,Q4FY21,0.26097418070016387,-0.01737700850522213,23.88283880039724,FY21,0.20850347191214713,0.6072754499859288
ANGELONE,543235,Q4FY22,1.2377261477198194,3.2414172010121725,25.57990957398799,FY22,0.20850347191214713,0.6072754499859288
ANGELONE,543235,Q4FY23,1.5628449667035094,-0.2108442573166437,25.333905195480558,FY23,0.41171876951717234,0.3644833957728638
ANGELONE,543235,Q4FY24,0.9980360649687801,1.709782198065893,26.314602017276144,FY24,0.37040969155891706,0.8362796982692375
ANGELONE,543235,Q4FY25,1.6481315416701934,-0.2942115084672733,26.048970977462766,FY25,0.20850347191214713,0.6072754499859288
ANGELONE,543235,Q4FY26,1.6379783730362432,0.15044963676246723,26.05718101324567,FY26,0.20850347191214713,0.6072754499859288
APARINDS,532259,Q1FY22,0.7671314889031847,0.5060363368849281,23.706472877697273,FY22,,
APARINDS,532259,Q1FY23,0.6621090996605897,0.2928309034866999,24.304085148648724,FY23,0.2851559879985155,0.16823094361895732
APARINDS,532259,Q1FY24,0.9593818304747073,3.5914529180814236,25.637479568318117,FY24,0.21285306325665626,0.12269278691992375
APARINDS,532259,Q1FY25,0.7244361879291248,1.904066642030114,26.541251606326956,FY25,0.18236764856090987,0.1298311994564276
APARINDS,532259,Q1FY26,0.7961809261984933,0.017006828058406396,26.576232501874433,FY26,0.18236764856090987,0.1298311994564276
APARINDS,532259,Q2FY22,0.8165713072285988,0.9143037531233938,23.941763353812586,FY22,0.18236764856090987,0.1298311994564276
APARINDS,532259,Q2FY23,0.6974430557655693,1.1395618871862725,24.653788466899805,FY23,0.2851559879985155,0.16823094361895732
APARINDS,532259,Q2FY24,0.8494011962248851,2.573411962093259,26.104971709290638,FY24,0.21285306325665626,0.12269278691992375
APARINDS,532259,Q2FY25,0.8060019022834785,0.8960291341682772,26.664738954226713,FY25,0.18236764856090987,0.1298311994564276
APARINDS,532259,Q2FY26,0.883905028231234,-0.12594396543707423,26.518769715781612,FY26,0.18236764856090987,0.1298311994564276
APARINDS,532259,Q3FY22,0.7999405489438733,1.004940672311059,24.13237679339691,FY22,0.18236764856090987,0.1298311994564276
APARINDS,532259,Q3FY23,0.7778307774276803,1.3706035679354096,24.97725650875133,FY23,0.2851559879985155,0.16823094361895732
APARINDS,532259,Q3FY24,0.3241625521402599,2.716100849845121,26.20493399346287,FY24,0.21285306325665626,0.12269278691992375
APARINDS,532259,Q3FY25,0.8127039773693878,0.7309037380676244,26.74429235974208,FY25,0.18236764856090987,0.1298311994564276
APARINDS,532259,Q3FY26,1.1746161217059679,-0.07190016786868328,26.540699491814745,FY26,0.18236764856090987,0.1298311994564276
APARINDS,532259,Q4FY21,0.7278914837749169,0.3269617518986392,23.623343707219615,FY21,0.18236764856090987,0.1298311994564276
APARINDS,532259,Q4FY22,0.7760416405904988,0.4184356815042531,23.94902888894374,FY22,0.18236764856090987,0.1298311994564276
APARINDS,532259,Q4FY23,0.7865027592301265,2.822152944738834,25.311559352958064,FY23,0.2851559879985155,0.16823094361895732
APARINDS,532259,Q4FY24,0.6733243284619393,1.7551614069574701,26.34720514846664,FY24,0.21285306325665626,0.12269278691992375
APARINDS,532259,Q4FY25,0.7031006922070882,0.020784765333204853,26.122426766599318,FY25,0.18236764856090987,0.1298311994564276
APARINDS,532259,Q4FY26,1.4379201479852042,0.7273697127297438,26.706958058924226,FY26,0.18236764856090987,0.1298311994564276
APLLTD,533573,Q1FY22,0.2843684892480101,-0.09418761286735798,25.925203939118067,FY22,,
APLLTD,533573,Q1FY23,0.5636379475040283,-0.22837333112886155,25.638578394776374,FY23,0.07825034435734454,0.16520228991913893
APLLTD,533573,Q1FY24,0.46306819689216905,-0.24931451525538198,25.519070918844196,FY24,0.1278112158067328,0.1065045037565896
APLLTD,533573,Q1FY25,0.8179133312492146,0.7118214884035831,25.850275815715428,FY25,0.11239197524918415,0.24224899536500133
APLLTD,533573,Q1FY26,0.42313170793547067,0.08377195356796792,26.031547881184792,FY26,0.11239197524918415,0.24224899536500133
APLLTD,533573,Q2FY22,0.3632943545733658,-0.26878083830363864,25.718827038040548,FY22,0.11239197524918415,0.24224899536500133
APLLTD,533573,Q2FY23,0.5021825302565415,-0.11366588115810435,25.467893372161615,FY23,0.07825034435734454,0.16520228991913893
APLLTD,533573,Q2FY24,0.5929458412292706,0.18427572922082894,25.739207907140738,FY24,0.1278112158067328,0.1065045037565896
APLLTD,533573,Q2FY25,0.7373228923304954,0.37189959496511826,26.180087333965652,FY25,0.11239197524918415,0.24224899536500133
APLLTD,533573,Q2FY26,0.5066145524488378,-0.10846858039761767,25.900387791778734,FY26,0.11239197524918415,0.24224899536500133
APLLTD,533573,Q3FY22,0.37648156456653764,-0.21793073638045193,25.734917918435396,FY22,0.11239197524918415,0.24224899536500133
APLLTD,533573,Q3FY23,0.4922146098852456,-0.2420623810158455,25.413954743741215,FY23,0.07825034435734454,0.16520228991913893
APLLTD,533573,Q3FY24,0.811909288864307,0.1822881495005033,25.706753764498824,FY24,0.1278112158067328,0.1065045037565896
APLLTD,533573,Q3FY25,0.627328756352597,0.4741610938109743,26.05734072043444,FY25,0.11239197524918415,0.24224899536500133
APLLTD,533573,Q3FY26,0.580850683315859,-0.16465661220032388,25.837190857124,FY26,0.11239197524918415,0.24224899536500133
APLLTD,533573,Q4FY21,0.18216909414057086,-0.11687129768099276,25.90545102396803,FY21,0.11239197524918415,0.24224899536500133
APLLTD,533573,Q4FY22,0.5197988105439075,-0.17147522541891794,25.65674403299488,FY22,0.11239197524918415,0.24224899536500133
APLLTD,533573,Q4FY23,0.5095059133262736,-0.2774503452835762,25.270524839085546,FY23,0.07825034435734454,0.16520228991913893
APLLTD,533573,Q4FY24,1.0269585307841729,1.1121181655258168,25.966663633672898,FY24,0.1278112158067328,0.1065045037565896
APLLTD,533573,Q4FY25,0.5651013098750491,-0.23594652497622728,25.92035336325802,FY25,0.11239197524918415,0.24224899536500133
APLLTD,533573,Q4FY26,0.7277465251207487,-0.07553151217375402,25.593646172434642,FY26,0.11239197524918415,0.24224899536500133
APOLLOHOSP,508869,Q1FY22,0.6550570862481553,0.34161565559141,26.965024782620564,FY22,,
APOLLOHOSP,508869,Q1FY23,0.8936669551062302,0.20079463485013926,26.983065446505496,FY23,0.13216832865395164,0.6990673508245393
APOLLOHOSP,508869,Q1FY24,0.6714708751239888,0.3168169878402993,27.312172239805324,FY24,0.12956714825388585,0.7688958099028175
APOLLOHOSP,508869,Q1FY25,0.511756717303627,0.3326575068008476,27.508267659691462,FY25,0.17606517053687762,0.6598882164558041
APOLLOHOSP,508869,Q1FY26,0.6967152131003884,0.16679289649428092,27.6688741176641,FY26,0.17606517053687762,0.6598882164558041
APOLLOHOSP,508869,Q2FY22,0.6790853035419194,1.059167931061254,27.17918240752929,FY22,0.17606517053687762,0.6598882164558041
APOLLOHOSP,508869,Q2FY23,0.9121870856506531,-0.08755556125837219,27.15975952643372,FY23,0.13216832865395164,0.6990673508245393
APOLLOHOSP,508869,Q2FY24,0.5775110525025778,0.16133185369364028,27.321740954105177,FY24,0.12956714825388585,0.7688958099028175
APOLLOHOSP,508869,Q2FY25,0.5327161175534699,0.4323238067146019,27.661526233760032,FY25,0.17606517053687762,0.6598882164558041
APOLLOHOSP,508869,Q2FY26,0.7459522217135399,0.13429778712760426,27.69295132481698,FY26,0.17606517053687762,0.6598882164558041
APOLLOHOSP,508869,Q3FY22,0.7112187787489845,1.317478470468679,27.29131643079854,FY22,0.17606517053687762,0.6598882164558041
APOLLOHOSP,508869,Q3FY23,0.8952363536410368,-0.15803349255846524,27.181021893618002,FY23,0.13216832865395164,0.6990673508245393
APOLLOHOSP,508869,Q3FY24,0.6738731673361826,0.216895461930983,27.426310953539055,FY24,0.12956714825388585,0.7688958099028175
APOLLOHOSP,508869,Q3FY25,0.510425697994115,0.25057139661020766,27.67493755387849,FY25,0.17606517053687762,0.6598882164558041
APOLLOHOSP,508869,Q3FY26,0.7730946196760482,0.03258626245017156,27.642219056044247,FY26,0.17606517053687762,0.6598882164558041
APOLLOHOSP,508869,Q4FY21,0.7483977800065125,0.2666003384419172,26.744216458000484,FY21,0.17606517053687762,0.6598882164558041
APOLLOHOSP,508869,Q4FY22,0.8340007265436161,0.6404330119567886,27.186850890896086,FY22,0.17606517053687762,0.6598882164558041
APOLLOHOSP,508869,Q4FY23,0.7770785975168084,-0.041455678151790604,27.144431213123777,FY23,0.13216832865395164,0.6990673508245393
APOLLOHOSP,508869,Q4FY24,0.6649779679322376,0.4730724148272501,27.535552464175353,FY24,0.12956714825388585,0.7688958099028175
APOLLOHOSP,508869,Q4FY25,0.5633801598505457,-0.07243729164345229,27.578497890394758,FY25,0.17606517053687762,0.6598882164558041
APOLLOHOSP,508869,Q4FY26,0.754458502822865,0.22369319168932533,27.695626856947126,FY26,0.17606517053687762,0.6598882164558041
APOLLOTYRE,500877,Q1FY22,1.5076124406733569,0.23290720966179698,25.610648893966886,FY22,,
APOLLOTYRE,500877,Q1FY23,1.293050520430982,-0.000459438331864587,25.447725852988444,FY23,0.08314735678772454,0.510449071444966
APOLLOTYRE,500877,Q1FY24,1.0209087603018172,0.8691076720747847,26.23490535352898,FY24,0.12385578238240967,0.3528295731929909
APOLLOTYRE,500877,Q1FY25,0.9296008128400244,0.2898844721777142,26.532567203767208,FY25,0.07594086808894046,0.29869442686052317
APOLLOTYRE,500877,Q1FY26,1.011436873413922,-0.011827133189481052,26.355480717078375,FY26,0.07594086808894046,0.29869442686052317
APOLLOTYRE,500877,Q2FY22,1.4583923469113258,0.20119789918298608,25.62841823213369,FY22,0.07594086808894046,0.29869442686052317
APOLLOTYRE,500877,Q2FY23,1.3337343001425754,0.23195267434997244,25.856965560880152,FY23,0.08314735678772454,0.510449071444966
APOLLOTYRE,500877,Q2FY24,0.8565869149189487,0.5801487184837841,26.147333277827222,FY24,0.12385578238240967,0.3528295731929909
APOLLOTYRE,500877,Q2FY25,0.9040236110217204,0.27297355766512027,26.554904859650755,FY25,0.07594086808894046,0.29869442686052317
APOLLOTYRE,500877,Q2FY26,1.0976973946376987,-0.06303776359433043,26.418537219432334,FY26,0.07594086808894046,0.29869442686052317
APOLLOTYRE,500877,Q3FY22,1.463189109287311,0.18399366141912085,25.598967874998625,FY22,0.07594086808894046,0.29869442686052317
APOLLOTYRE,500877,Q3FY23,1.266697519637099,0.5193173196395227,26.008498504697215,FY23,0.08314735678772454,0.510449071444966
APOLLOTYRE,500877,Q3FY24,0.9363861545977084,0.5142926842066775,26.355692944910558,FY24,0.12385578238240967,0.3528295731929909
APOLLOTYRE,500877,Q3FY25,0.9047818181116751,0.21052585762867593,26.520647661369015,FY25,0.07594086808894046,0.29869442686052317
APOLLOTYRE,500877,Q3FY26,0.9807161267728599,0.0037030070213840047,26.474155593807474,FY26,0.07594086808894046,0.29869442686052317
APOLLOTYRE,500877,Q4FY21,1.4958257385433373,0.2901613364977629,25.60485435700082,FY21,0.07594086808894046,0.29869442686052317
APOLLOTYRE,500877,Q4FY22,1.3997359654680253,-0.17938612596876882,25.461484915709867,FY22,0.07594086808894046,0.29869442686052317
APOLLOTYRE,500877,Q4FY23,1.1062182353532577,0.5854812989965142,25.994838037626714,FY23,0.08314735678772454,0.510449071444966
APOLLOTYRE,500877,Q4FY24,0.7998221965887996,0.622598435752806,26.38263641142474,FY24,0.12385578238240967,0.3528295731929909
APOLLOTYRE,500877,Q4FY25,1.0306526465751347,-0.22128280395951141,26.303460135347542,FY25,0.07594086808894046,0.29869442686052317
APOLLOTYRE,500877,Q4FY26,0.940757382601796,0.14406371398407167,26.288240407021668,FY26,0.07594086808894046,0.29869442686052317
ASTERDM,540975,Q1FY22,0.4074181517131928,-0.1380752549417677,24.819998334008897,FY22,,
ASTERDM,540975,Q1FY23,0.8359511715147174,0.31214480470418265,24.964504766573064,FY23,0.09552682399332744,1.2815220983482725
ASTERDM,540975,Q1FY24,0.2461748275604453,0.49972158057638105,25.41822480781235,FY24,0.028352182885615345,0.3034679228648688
ASTERDM,540975,Q1FY25,0.4984121364696129,0.8282173236376369,25.892223150034777,FY25,1.5687631816153111,0.5886023330912146
ASTERDM,540975,Q1FY26,0.4844755318520009,0.5493151728813839,26.447719321854443,FY26,1.5687631816153111,0.5886023330912146
ASTERDM,540975,Q2FY22,0.417016297735157,0.2803347750250263,25.118093460619882,FY22,1.5687631816153111,0.5886023330912146
ASTERDM,540975,Q2FY23,0.7564763090339375,0.13745186997248027,25.313736256468726,FY23,0.09552682399332744,1.2815220983482725
ASTERDM,540975,Q2FY24,0.3639095282160345,0.5926905299156915,25.575429791196946,FY24,0.028352182885615345,0.3034679228648688
ASTERDM,540975,Q2FY25,0.4886978663409297,0.6616585470270895,26.077425221164127,FY25,1.5687631816153111,0.5886023330912146
ASTERDM,540975,Q2FY26,0.47260116861058615,0.49025391977673705,26.49992684504277,FY26,1.5687631816153111,0.5886023330912146
ASTERDM,540975,Q3FY22,0.4992986517477147,0.15720276347353934,24.940626294971334,FY22,1.5687631816153111,0.5886023330912146
ASTERDM,540975,Q3FY23,0.7151574675585748,0.13047717691310562,25.225571635184746,FY23,0.09552682399332744,1.2815220983482725
ASTERDM,540975,Q3FY24,0.5958042231254522,0.7829125430751659,25.798390241751857,FY24,0.028352182885615345,0.3034679228648688
ASTERDM,540975,Q3FY25,0.4171539541258616,0.9302449063836905,26.29103175222591,FY25,1.5687631816153111,0.5886023330912146
ASTERDM,540975,Q3FY26,0.4862308412045572,0.5379889478275197,26.483685908618412,FY26,1.5687631816153111,0.5886023330912146
ASTERDM,540975,Q4FY21,0.2547452045388896,-0.14375366327742575,24.705981340179974,FY21,1.5687631816153111,0.5886023330912146
ASTERDM,540975,Q4FY22,0.734846814757359,0.16906235728378585,25.068459661831348,FY22,1.5687631816153111,0.5886023330912146
ASTERDM,540975,Q4FY23,0.6362376303925057,0.2516147348834599,25.266272484158993,FY23,0.09552682399332744,1.2815220983482725
ASTERDM,540975,Q4FY24,0.25989767614276615,1.123660882156875,25.79716948583177,FY24,0.028352182885615345,0.3034679228648688
ASTERDM,540975,Q4FY25,0.575602731274176,0.13763263648693294,26.238446067730333,FY25,1.5687631816153111,0.5886023330912146
ASTERDM,540975,Q4FY26,0.35188981592104074,0.592850830247143,26.56633774708157,FY26,1.5687631816153111,0.5886023330912146
ASTRAL,532830,Q1FY22,0.6665566995591207,0.41953163348183486,26.70761524390901,FY22,,
ASTRAL,532830,Q1FY23,0.99204066073701,-0.04500607491757633,26.524830488983895,FY23,0.168412511065211,0.0321259958689879
ASTRAL,532830,Q1FY24,0.8212020491426706,0.47833942184326245,26.994314549033618,FY24,0.17129324676139393,0.03745177378375835
ASTRAL,532830,Q1FY25,0.8357604718154648,0.25769991203436393,27.17933679205603,FY25,0.14481614597732928,0.06447332043129665
ASTRAL,532830,Q1FY26,0.8926646909452765,-0.30143656049191553,26.72396433817026,FY26,0.14481614597732928,0.06447332043129665
ASTRAL,532830,Q2FY22,0.6487327171608568,0.5591301142905384,26.790485333777585,FY22,0.14481614597732928,0.06447332043129665
ASTRAL,532830,Q2FY23,0.9911426995531551,0.10775581300150587,26.824684924183178,FY23,0.168412511065211,0.0321259958689879
ASTRAL,532830,Q2FY24,0.8702840980761122,0.2510970239432977,26.95944325081461,FY24,0.17129324676139393,0.03745177378375835
ASTRAL,532830,Q2FY25,0.8389874428944082,-0.008664559851406229,27.00101729453682,FY25,0.14481614597732928,0.06447332043129665
ASTRAL,532830,Q2FY26,1.0254616376637269,-0.27758838358496,26.627898521342207,FY26,0.14481614597732928,0.06447332043129665
ASTRAL,532830,Q3FY22,0.7937505143793842,0.7068969982858546,26.845691987663795,FY22,0.14481614597732928,0.06447332043129665
ASTRAL,532830,Q3FY23,0.9624076885082491,-0.10006100341419742,26.697180836058113,FY23,0.168412511065211,0.0321259958689879
ASTRAL,532830,Q3FY24,0.8056021002510435,0.3696804974337766,26.957719964578576,FY24,0.17129324676139393,0.03745177378375835
ASTRAL,532830,Q3FY25,0.8019131439769855,-0.05175551780701367,26.81611414031652,FY25,0.14481614597732928,0.06447332043129665
ASTRAL,532830,Q3FY26,1.0886467884084836,-0.19898278494389346,26.644899888623165,FY26,0.14481614597732928,0.06447332043129665
ASTRAL,532830,Q4FY21,0.6814444269759737,0.21836966950546619,26.50018638746815,FY21,0.14481614597732928,0.06447332043129665
ASTRAL,532830,Q4FY22,1.055096232026435,0.2498579478682656,26.72528405489185,FY22,0.14481614597732928,0.06447332043129665
ASTRAL,532830,Q4FY23,0.7711071430452252,-0.012078928133244541,26.60035892007289,FY23,0.168412511065211,0.0321259958689879
ASTRAL,532830,Q4FY24,0.7157024009568503,0.46434577818203093,27.000662806072395,FY24,0.17129324676139393,0.03745177378375835
ASTRAL,532830,Q4FY25,0.9009738156257503,-0.286712497536067,26.57190753346756,FY25,0.14481614597732928,0.06447332043129665
ASTRAL,532830,Q4FY26,1.0270545972820209,0.23835216801846598,26.786054294710265,FY26,0.14481614597732928,0.06447332043129665
ASTRAZEN,506820,Q1FY22,0.37005499414166443,-0.18766739102886895,25.211776150849367,FY22,,
ASTRAZEN,506820,Q1FY23,0.4357997978613313,-0.22436265525260735,24.92355396625436,FY23,0.16866262379180894,0.01224753265725594
ASTRAZEN,506820,Q1FY24,0.40869410124736116,0.3555866302499716,25.241461754631338,FY24,0.22686537813237442,0.006447353635239915
ASTRAZEN,506820,Q1FY25,0.742083043025503,0.9822865687125465,25.76805862327006,FY25,0.15024339585902513,0.04638151489582657
ASTRAZEN,506820,Q1FY26,0.3591591625994457,0.32767815615499113,26.125735347763985,FY26,0.15024339585902513,0.04638151489582657
ASTRAZEN,506820,Q2FY22,0.38162129490623137,-0.32839749204571633,25.056419822664807,FY22,0.15024339585902513,0.04638151489582657
ASTRAZEN,506820,Q2FY23,0.4868652548256697,-0.005192304457894824,25.066224969385868,FY23,0.16866262379180894,0.01224753265725594
ASTRAZEN,506820,Q2FY24,0.4503037414135532,0.42410012390882895,25.440156556378543,FY24,0.22686537813237442,0.006447353635239915
ASTRAZEN,506820,Q2FY25,0.6531862940077097,0.6132842330076191,26.01442015886387,FY25,0.15024339585902513,0.04638151489582657
ASTRAZEN,506820,Q2FY26,0.29368474293521074,0.30191144896419836,26.15102028836835,FY26,0.15024339585902513,0.04638151489582657
ASTRAZEN,506820,Q3FY22,0.30648787809300226,-0.32831096030221246,25.059215618330636,FY22,0.15024339585902513,0.04638151489582657
ASTRAZEN,506820,Q3FY23,0.5564739806454599,0.0496686203652138,25.12416238197871,FY23,0.16866262379180894,0.01224753265725594
ASTRAZEN,506820,Q3FY24,0.42781032292668913,0.46141193588489976,25.644929915789934,FY24,0.22686537813237442,0.006447353635239915
ASTRAZEN,506820,Q3FY25,0.6288098819796403,0.4153591702789215,25.92730901030812,FY25,0.15024339585902513,0.04638151489582657
ASTRAZEN,506820,Q3FY26,0.3987610200723072,0.40854187459601154,26.142583281139952,FY26,0.15024339585902513,0.04638151489582657
ASTRAZEN,506820,Q4FY21,0.45026846195553544,-0.2575728386436107,25.029443729740745,FY21,0.15024339585902513,0.04638151489582657
ASTRAZEN,506820,Q4FY22,0.22081381644176945,-0.26734309698741315,24.86519676832085,FY22,0.15024339585902513,0.04638151489582657
ASTRAZEN,506820,Q4FY23,0.6463231492654109,0.27568629799227845,25.110620127593258,FY23,0.16866262379180894,0.01224753265725594
ASTRAZEN,506820,Q4FY24,0.39139065080323077,0.6541744486339532,25.608417624277656,FY24,0.22686537813237442,0.006447353635239915
ASTRAZEN,506820,Q4FY25,0.6218950076642092,0.26752404129866364,26.09138081294189,FY25,0.15024339585902513,0.04638151489582657
ASTRAZEN,506820,Q4FY26,0.5444436680912745,0.27855367492691235,25.991832507842542,FY26,0.15024339585902513,0.04638151489582657
ATGL,542066,Q1FY22,0.72124589041732,2.8232480331499366,27.744699066849584,FY22,,
ATGL,542066,Q1FY23,1.1584870256560267,0.717870932604708,28.597549442152157,FY23,0.185820276372341,0.48354618899951035
ATGL,542066,Q1FY24,1.3436855031305128,-0.7003936770017378,27.301406170982364,FY24,0.18643584930955892,0.43494715556151403
ATGL,542066,Q1FY25,1.895733929500075,0.42671045147747605,27.615972033413538,FY25,0.15555080163059626,0.4359586883921037
ATGL,542066,Q1FY26,1.033766537490515,-0.30193335414119005,27.33422653518307,FY26,0.15555080163059626,0.4359586883921037
ATGL,542066,Q2FY22,0.7478120484156792,2.8555610449340083,28.077916364106986,FY22,0.15555080163059626,0.4359586883921037
ATGL,542066,Q2FY23,1.1335704270238227,1.7913113127298306,28.93106298173049,FY23,0.185820276372341,0.48354618899951035
ATGL,542066,Q2FY24,1.271579766714736,-0.8095859028292945,27.236539950575985,FY24,0.18643584930955892,0.43494715556151403
ATGL,542066,Q2FY25,1.780714170882428,0.2690138178393735,27.485624360265593,FY25,0.15555080163059626,0.4359586883921037
ATGL,542066,Q2FY26,1.0863164945100914,-0.30592523869850424,27.256634865077885,FY26,0.15555080163059626,0.4359586883921037
ATGL,542066,Q3FY22,0.8063827948906392,3.4003829733537407,28.2684137915817,FY22,0.15555080163059626,0.4359586883921037
ATGL,542066,Q3FY23,1.2228968611571234,1.1953925858165397,29.03153562230066,FY23,0.185820276372341,0.48354618899951035
ATGL,542066,Q3FY24,1.8939314300478438,-0.8003942866462087,27.71339935187432,FY24,0.18643584930955892,0.43494715556151403
ATGL,542066,Q3FY25,1.3140011091582038,0.5301098653393443,27.45273068324734,FY25,0.15555080163059626,0.4359586883921037
ATGL,542066,Q3FY26,1.1991641811949902,0.04767548690588879,27.15823343474264,FY26,0.15555080163059626,0.4359586883921037
ATGL,542066,Q4FY21,0.47316034282124164,0.3593417146734981,27.685333137676455,FY21,0.15555080163059626,0.4359586883921037
ATGL,542066,Q4FY22,0.8733361571432716,2.190684377594842,28.490418324299785,FY22,0.15555080163059626,0.4359586883921037
ATGL,542066,Q4FY23,1.573300976710412,-0.5866649457417384,27.583285467529358,FY23,0.185820276372341,0.48354618899951035
ATGL,542066,Q4FY24,1.3007578814104572,-0.00040447885119407296,27.649235267826686,FY24,0.18643584930955892,0.43494715556151403
ATGL,542066,Q4FY25,1.4479715551139236,-0.42769320138220707,27.219285247496682,FY25,0.15555080163059626,0.4359586883921037
ATGL,542066,Q4FY26,0.7537006665116861,-0.1105600144667243,27.052716055660742,FY26,0.15555080163059626,0.4359586883921037
ATUL,500027,Q1FY22,0.4530140419538281,0.3450920216729752,26.284327119084757,FY22,,
ATUL,500027,Q1FY23,0.7087739961651017,-0.046013983581020816,26.175000292315126,FY23,0.11005099135587343,0.011182990893483296
ATUL,500027,Q1FY24,0.7926734330859097,-0.15515150615047138,26.0408179348953,FY24,0.06315966478568105,0.04625230234986333
ATUL,500027,Q1FY25,0.9329988068344375,-0.11812987257027878,25.968054961984127,FY25,0.08643845281367497,0.03603254414089362
ATUL,500027,Q1FY26,0.9604109735641562,0.21721205655162223,26.11384029121971,FY26,0.08643845281367497,0.03603254414089362
ATUL,500027,Q2FY22,0.42750395699958504,0.4358117833101114,26.339058038364108,FY22,0.08643845281367497,0.03603254414089362
ATUL,500027,Q2FY23,0.7850383178641687,0.03637295150481139,26.294566487422493,FY23,0.11005099135587343,0.011182990893483296
ATUL,500027,Q2FY24,0.6243970649037711,-0.20127878805304406,26.05181496318294,FY24,0.06315966478568105,0.04625230234986333
ATUL,500027,Q2FY25,1.0186499567292957,0.18136049024586684,26.1422768543904,FY25,0.08643845281367497,0.03603254414089362
ATUL,500027,Q2FY26,0.933558267739004,-0.19871536571163445,25.907224511764905,FY26,0.08643845281367497,0.03603254414089362
ATUL,500027,Q3FY22,0.5351724393885169,0.3844705560553963,26.293275646616962,FY22,0.08643845281367497,0.03603254414089362
ATUL,500027,Q3FY23,0.7608136607720069,0.04858937069686033,26.206769059465817,FY23,0.11005099135587343,0.011182990893483296
ATUL,500027,Q3FY24,0.8048472902447159,-0.16955218851906775,26.067216116649536,FY24,0.06315966478568105,0.04625230234986333
ATUL,500027,Q3FY25,1.0026800732890624,0.11676604832937272,26.042515359415624,FY25,0.08643845281367497,0.03603254414089362
ATUL,500027,Q3FY26,0.9035814496269653,-0.21299164992847888,25.920667337149318,FY26,0.08643845281367497,0.03603254414089362
ATUL,500027,Q4FY21,0.28075261440337707,0.029547063207032535,26.047265683281676,FY21,0.08643845281367497,0.03603254414089362
ATUL,500027,Q4FY22,0.8049738508226181,0.44450190656535216,26.42313651364894,FY22,0.08643845281367497,0.03603254414089362
ATUL,500027,Q4FY23,0.6057631761006994,-0.23878582949910332,26.035629493269617,FY23,0.11005099135587343,0.011182990893483296
ATUL,500027,Q4FY24,0.9085731541058969,-0.12195564944704171,25.846957932674208,FY24,0.06315966478568105,0.04625230234986333
ATUL,500027,Q4FY25,0.9885138149236865,-0.1654359559365816,25.916613896624742,FY25,0.08643845281367497,0.03603254414089362
ATUL,500027,Q4FY26,0.7015519996034661,0.2163077384114534,25.95704370484973,FY26,0.08643845281367497,0.03603254414089362
AUBANK,540611,Q1FY22,1.6860682432588416,0.12994794528073858,26.676659609333598,FY22,,
AUBANK,540611,Q1FY23,1.0090370277637808,0.3094267124385183,26.80982882170964,FY23,0.13007931053484278,0.5737865436426118
AUBANK,540611,Q1FY24,1.104161396398339,0.2066079437304568,27.05261690011962,FY24,0.12219556119589334,0.4362720138087953
AUBANK,540611,Q1FY25,0.49186060810150645,-0.13168284526992166,26.939337822732377,FY25,0.1226780870082075,0.679232847495448
AUBANK,540611,Q1FY26,0.6271020942920253,0.11841763994094866,27.136836029496926,FY26,0.1226780870082075,0.679232847495448
AUBANK,540611,Q2FY22,1.45403840344425,0.29176907000576374,26.79351429001615,FY22,0.1226780870082075,0.679232847495448
AUBANK,540611,Q2FY23,1.1102401080134725,-0.04151719865358384,26.85611720192209,FY23,0.13007931053484278,0.5737865436426118
AUBANK,540611,Q2FY24,1.1131008792941828,0.12009536293989612,26.999187480440373,FY24,0.12219556119589334,0.4362720138087953
AUBANK,540611,Q2FY25,0.4206463669241601,-0.029900774064218226,27.037505563653998,FY25,0.1226780870082075,0.679232847495448
AUBANK,540611,Q2FY26,0.7268869521597854,0.1375214682745844,27.0267781779666,FY26,0.1226780870082075,0.679232847495448
AUBANK,540611,Q3FY22,1.4244035888638038,0.29256862892393615,26.677286880592856,FY22,0.1226780870082075,0.679232847495448
AUBANK,540611,Q3FY23,1.0500380820565645,0.1344087126740805,26.9114840296131,FY23,0.13007931053484278,0.5737865436426118
AUBANK,540611,Q3FY24,0.8452242992691346,0.21284599761912978,27.097741503099996,FY24,0.12219556119589334,0.4362720138087953
AUBANK,540611,Q3FY25,0.5086600004827033,-0.20415112520864745,26.756913455010324,FY25,0.1226780870082075,0.679232847495448
AUBANK,540611,Q3FY26,0.6677032915492691,0.6086414033500227,27.334057737165445,FY26,0.1226780870082075,0.679232847495448
AUBANK,540611,Q4FY21,1.45937399096257,0.2869138343173771,26.84670180145447,FY21,0.1226780870082075,0.679232847495448
AUBANK,540611,Q4FY22,1.4135940584661086,0.11978419778856259,26.861576296775574,FY22,0.1226780870082075,0.679232847495448
AUBANK,540611,Q4FY23,0.9986751019545954,-0.06802784264759724,26.78933658892861,FY23,0.13007931053484278,0.5737865436426118
AUBANK,540611,Q4FY24,0.4999776746178309,-0.07410351725244155,26.76583082910117,FY24,0.12219556119589334,0.4362720138087953
AUBANK,540611,Q4FY25,0.5557043268298194,-0.12355367535593759,26.712103859998248,FY25,0.1226780870082075,0.679232847495448
AUBANK,540611,Q4FY26,0.9292498133955653,0.9572276859198794,27.168428676135342,FY26,0.1226780870082075,0.679232847495448
AUROPHARMA,524804,Q1FY22,0.47941655287001783,0.04763202493071214,27.022700020128013,FY22,,
AUROPHARMA,524804,Q1FY23,0.8714096699771228,-0.47241307358805096,26.405948292676467,FY23,0.07181485738556662,0.19695378327375154
AUROPHARMA,524804,Q1FY24,0.6731662434619512,0.27783528913400934,26.76115617438596,FY24,0.1063227981288619,0.2227549023550069
AUROPHARMA,524804,Q1FY25,0.6236456879312005,1.0411890697474688,27.27256324041389,FY25,0.10675422897273538,0.2530483883415224
AUROPHARMA,524804,Q1FY26,0.8446631576827085,-0.07064490952254365,27.21038488471218,FY26,0.10675422897273538,0.2530483883415224
AUROPHARMA,524804,Q2FY22,0.524071102429817,-0.21304641819216497,26.738408294262545,FY22,0.10675422897273538,0.2530483883415224
AUROPHARMA,524804,Q2FY23,0.8855622705691377,-0.21719580140501069,26.40106412386829,FY23,0.07181485738556662,0.19695378327375154
AUROPHARMA,524804,Q2FY24,0.5869313298322598,0.4967529981955352,26.98996185914435,FY24,0.1063227981288619,0.2227549023550069
AUROPHARMA,524804,Q2FY25,0.6360112040812583,0.837677112209688,27.462844078204483,FY25,0.10675422897273538,0.2530483883415224
AUROPHARMA,524804,Q2FY26,0.9700093655624098,-0.337061363115465,27.168240765238423,FY26,0.10675422897273538,0.2530483883415224
AUROPHARMA,524804,Q3FY22,0.5732700142498899,-0.26960974899868817,26.753684712427283,FY22,0.10675422897273538,0.2530483883415224
AUROPHARMA,524804,Q3FY23,0.9246935154508438,-0.30147899355010055,26.24838107798392,FY23,0.07181485738556662,0.19695378327375154
AUROPHARMA,524804,Q3FY24,0.35245208862538874,1.2375383995094538,27.163144183397257,FY24,0.1063227981288619,0.2227549023550069
AUROPHARMA,524804,Q3FY25,0.611635156328447,0.2668290198360739,27.372485096436996,FY25,0.10675422897273538,0.2530483883415224
AUROPHARMA,524804,Q3FY26,1.1503263882911265,-0.005445979133264461,27.25572867987083,FY26,0.10675422897273538,0.2530483883415224
AUROPHARMA,524804,Q4FY21,0.5881829005801822,-0.07664129086699226,26.931762783311587,FY21,0.10675422897273538,0.2530483883415224
AUROPHARMA,524804,Q4FY22,0.69247168102087,-0.265103708674191,26.662036021611968,FY22,0.10675422897273538,0.2530483883415224
AUROPHARMA,524804,Q4FY23,0.8195921737392635,-0.26275681469969625,26.421916726922404,FY23,0.07181485738556662,0.19695378327375154
AUROPHARMA,524804,Q4FY24,0.6016701176385137,1.2217375212991097,27.16895858144188,FY24,0.1063227981288619,0.2227549023550069
AUROPHARMA,524804,Q4FY25,0.6882909366839516,0.027223478347935107,27.23277929341483,FY25,0.10675422897273538,0.2530483883415224
AUROPHARMA,524804,Q4FY26,0.834690438750931,0.05189430911743077,27.353418278524305,FY26,0.10675422897273538,0.2530483883415224
BAJAJHLDNG,500490,Q1FY22,0.4276387624961808,0.12399211848495616,26.63751159552916,FY22,,
BAJAJHLDNG,500490,Q1FY23,0.8405706049012338,0.44768983527520884,26.90980271905494,FY23,0.10978304217163339,0.002100139466099689
BAJAJHLDNG,500490,Q1FY24,0.6247937519543019,0.5162068006821146,27.351365176617307,FY24,0.1339639367779277,0.001153416995545049
BAJAJHLDNG,500490,Q1FY25,0.3737941230778128,0.25266761218612444,27.566790470164324,FY25,0.10401858104200915,0.000494356534910042
BAJAJHLDNG,500490,Q1FY26,1.0757786888652783,0.6843386970995292,28.09627143860056,FY26,0.10401858104200915,0.000494356534910042
BAJAJHLDNG,500490,Q2FY22,0.4841050292097103,0.4116913107852666,26.951845281500873,FY22,0.10401858104200915,0.000494356534910042
BAJAJHLDNG,500490,Q2FY23,0.8388749093015296,0.4173790212506782,27.2577951525737,FY23,0.10978304217163339,0.002100139466099689
BAJAJHLDNG,500490,Q2FY24,0.4123513763084484,0.39715758159834014,27.381271594052322,FY24,0.1339639367779277,0.001153416995545049
BAJAJHLDNG,500490,Q2FY25,0.5058750522370286,0.4743821709516299,27.779352178459998,FY25,0.10401858104200915,0.000494356534910042
BAJAJHLDNG,500490,Q2FY26,1.113328496814175,0.27284286049450807,27.9407177916954,FY26,0.10401858104200915,0.000494356534910042
BAJAJHLDNG,500490,Q3FY22,0.5060096914848999,0.764358073421415,27.073755741918735,FY22,0.10401858104200915,0.000494356534910042
BAJAJHLDNG,500490,Q3FY23,0.8638612827426404,0.2810411771772193,27.150681439298403,FY23,0.10978304217163339,0.002100139466099689
BAJAJHLDNG,500490,Q3FY24,0.500351892832781,0.12887575556038322,27.457896530640067,FY24,0.1339639367779277,0.001153416995545049
BAJAJHLDNG,500490,Q3FY25,0.40901868011506537,0.4518186341123325,27.903906180835268,FY25,0.10401858104200915,0.000494356534910042
BAJAJHLDNG,500490,Q3FY26,1.2394534490168465,0.08923408722607451,27.862714319607612,FY26,0.10401858104200915,0.000494356534910042
BAJAJHLDNG,500490,Q4FY21,0.3197248584171486,0.16384261016133195,26.544441497095928,FY21,0.10401858104200915,0.000494356534910042
BAJAJHLDNG,500490,Q4FY22,0.6184000185512081,0.48691962997491217,26.993084772469196,FY22,0.10401858104200915,0.000494356534910042
BAJAJHLDNG,500490,Q4FY23,0.864909438200369,0.22236523737936273,27.181296912575615,FY23,0.10978304217163339,0.002100139466099689
BAJAJHLDNG,500490,Q4FY24,0.5206743754865493,0.48957239956994086,27.532947367850895,FY24,0.1339639367779277,0.001153416995545049
BAJAJHLDNG,500490,Q4FY25,0.5198811954000266,0.3316071349234328,27.952052151932342,FY25,0.10401858104200915,0.000494356534910042
BAJAJHLDNG,500490,Q4FY26,1.2387689489310665,-0.06254891617417871,27.604033235646977,FY26,0.10401858104200915,0.000494356534910042
BAJFINANCE,500034,Q1FY22,1.3531239136705129,0.09557492152651559,28.929367558172448,FY22,,
BAJFINANCE,500034,Q1FY23,1.3852547725347457,0.05942448108478284,28.826710439653755,FY23,0.21164743310800893,3.024847357039416
BAJFINANCE,500034,Q1FY24,1.3689517102990139,0.20384758020248808,29.113052805943344,FY24,0.18842302695013452,2.8481141294746033
BAJFINANCE,500034,Q1FY25,1.049279251009245,0.0068081607731986515,29.111749220571728,FY25,0.1720687368158583,2.8477813307227304
BAJFINANCE,500034,Q1FY26,1.0367837688490669,0.3578550424820284,29.392597555614934,FY26,0.1720687368158583,2.8477813307227304
BAJFINANCE,500034,Q2FY22,1.3432095670959154,0.4273569186471873,29.173653293149332,FY22,0.1720687368158583,2.8477813307227304
BAJFINANCE,500034,Q2FY23,1.4405738070887124,0.039743146906280995,29.13297857152848,FY23,0.21164743310800893,3.024847357039416
BAJFINANCE,500034,Q2FY24,1.1500592906423508,0.01701070347946108,29.199960098264764,FY24,0.18842302695013452,2.8481141294746033
BAJFINANCE,500034,Q2FY25,1.0338237914098478,0.054530710367651475,29.191076510746488,FY25,0.1720687368158583,2.8477813307227304
BAJFINANCE,500034,Q2FY26,1.141549419816407,0.30374402824247626,29.457102731709842,FY26,0.1720687368158583,2.8477813307227304
BAJFINANCE,500034,Q3FY22,1.3499243669966747,0.3621021453352516,29.079246526790243,FY22,0.1720687368158583,2.8477813307227304
BAJFINANCE,500034,Q3FY23,1.4173477309726414,-0.005102261825147516,29.02352393681544,FY23,0.21164743310800893,3.024847357039416
BAJFINANCE,500034,Q3FY24,1.044754652995088,0.07110604583301995,29.136127750524032,FY24,0.18842302695013452,2.8481141294746033
BAJFINANCE,500034,Q3FY25,1.0637959717742824,-0.06503231209893653,29.069765899483457,FY25,0.1720687368158583,2.8477813307227304
BAJFINANCE,500034,Q3FY26,1.1054766357257773,0.5524456186615292,29.44491540601567,FY26,0.1720687368158583,2.8477813307227304
BAJFINANCE,500034,Q4FY21,1.1752809958243384,-0.0028881782351137682,28.773937413957327,FY21,0.1720687368158583,2.8477813307227304
BAJFINANCE,500034,Q4FY22,1.4798774817789662,0.3044097529432812,29.118957298643384,FY22,0.1720687368158583,2.8477813307227304
BAJFINANCE,500034,Q4FY23,1.3367907345547927,-0.12920551273275077,28.86597201944263,FY23,0.21164743310800893,3.024847357039416
BAJFINANCE,500034,Q4FY24,0.934210806519022,0.027970674203929888,29.124805325233826,FY24,0.18842302695013452,2.8481141294746033
BAJFINANCE,500034,Q4FY25,1.1355102358236353,0.2613719621893827,29.340628408166758,FY25,0.1720687368158583,2.8477813307227304
BAJFINANCE,500034,Q4FY26,1.2852589014421154,0.21351587146086665,29.23699537163719,FY26,0.1720687368158583,2.8477813307227304
BALKRISIND,502355,Q1FY22,0.7598088538716518,0.3287199321269792,26.7557714933573,FY22,,
BALKRISIND,502355,Q1FY23,0.9610236251828912,0.07912146312644959,26.728178546039786,FY23,0.13992454607889712,0.4428425299691806
BALKRISIND,502355,Q1FY24,0.7917951567544788,0.060147988576727617,26.832046353813848,FY24,0.16619850663160832,0.35006850158293434
BALKRISIND,502355,Q1FY25,0.851117167061107,0.4245819300185298,27.147802727729278,FY25,0.15932072856097654,0.31455292849166316
BALKRISIND,502355,Q1FY26,1.076164574295456,-0.18328298004860438,26.87535024589332,FY26,0.15932072856097654,0.31455292849166316
BALKRISIND,502355,Q2FY22,0.7323489589274105,0.4072810439629312,26.881062257507313,FY22,0.15932072856097654,0.31455292849166316
BALKRISIND,502355,Q2FY23,0.9644498792211381,-0.09506407142141791,26.598167999015732,FY23,0.13992454607889712,0.4428425299691806
BALKRISIND,502355,Q2FY24,0.7609254080288415,0.12760809642487755,26.911581191032703,FY24,0.16619850663160832,0.35006850158293434
BALKRISIND,502355,Q2FY25,0.8694368603713393,0.19602725097986687,27.09352113235051,FY25,0.15932072856097654,0.31455292849166316
BALKRISIND,502355,Q2FY26,1.0685321888042179,-0.17175488872947062,26.81479732267495,FY26,0.15932072856097654,0.31455292849166316
BALKRISIND,502355,Q3FY22,0.8578276580315918,0.3556810008398745,26.796132158264605,FY22,0.15932072856097654,0.31455292849166316
BALKRISIND,502355,Q3FY23,0.9137379468293588,-0.03341477242285915,26.723694785322355,FY23,0.13992454607889712,0.4428425299691806
BALKRISIND,502355,Q3FY24,0.6981613737085046,0.33348416581597184,26.91732882227057,FY24,0.16619850663160832,0.35006850158293434
BALKRISIND,502355,Q3FY25,0.9848409704783849,0.11993168279684283,27.04790737559276,FY25,0.15932072856097654,0.31455292849166316
BALKRISIND,502355,Q3FY26,1.0052970233677474,-0.1622397918299002,26.82729970741887,FY26,0.15932072856097654,0.31455292849166316
BALKRISIND,502355,Q4FY21,0.7925950988326342,-0.04834012324842666,26.471321018681056,FY21,0.15932072856097654,0.31455292849166316
BALKRISIND,502355,Q4FY22,0.9552406193777021,0.2009885388984775,26.720257442455544,FY22,0.15932072856097654,0.31455292849166316
BALKRISIND,502355,Q4FY23,0.7782769075784625,0.06524610571084434,26.637560327893592,FY23,0.13992454607889712,0.4428425299691806
BALKRISIND,502355,Q4FY24,0.7299329503188865,0.14377839513477794,26.816054757183803,FY24,0.16619850663160832,0.35006850158293434
BALKRISIND,502355,Q4FY25,1.0523083766701296,0.1739179219069754,26.919156307948185,FY25,0.15932072856097654,0.31455292849166316
BALKRISIND,502355,Q4FY26,1.0345124947903483,-0.04337143158311883,26.721407310611283,FY26,0.15932072856097654,0.31455292849166316
BANKBARODA,532134,Q1FY22,1.4032402221606382,0.23023246396485264,26.699129509794613,FY22,,
BANKBARODA,532134,Q1FY23,1.3414527633329412,0.21903049475644149,26.854438264758315,FY23,0.14188037866377837,1.004059204698175
BANKBARODA,532134,Q1FY24,1.5129387936844831,1.029505079078926,27.553851194161094,FY24,0.156770758747794,0.7776072044856118
BANKBARODA,532134,Q1FY25,1.8062190377723488,0.5040309509138133,27.950744265676082,FY25,0.1414057613715778,0.7222580658885577
BANKBARODA,532134,Q1FY26,1.0714754170269634,-0.046230512237013556,27.882970935200554,FY26,0.1414057613715778,0.7222580658885577
BANKBARODA,532134,Q2FY22,1.429484270727978,0.19922481545869977,26.64961130387281,FY22,0.1414057613715778,0.7222580658885577
BANKBARODA,532134,Q2FY23,1.3213789082820606,0.855172807871382,27.161439694891776,FY23,0.14188037866377837,1.004059204698175
BANKBARODA,532134,Q2FY24,1.5952985038031637,0.5974353256111897,27.670728996366602,FY24,0.156770758747794,0.7776072044856118
BANKBARODA,532134,Q2FY25,1.730915778326455,0.3410625624899974,27.84514165884615,FY25,0.1414057613715778,0.7222580658885577
BANKBARODA,532134,Q2FY26,1.0962930986270485,-0.034638635507481794,27.921452422231972,FY26,0.1414057613715778,0.7222580658885577
BANKBARODA,532134,Q3FY22,1.4702742201922412,0.36589162667134917,26.65205485426604,FY22,0.1414057613715778,0.7222580658885577
BANKBARODA,532134,Q3FY23,1.2988241428334606,0.9912387842936623,27.499744586857464,FY23,0.14188037866377837,1.004059204698175
BANKBARODA,532134,Q3FY24,1.588803949710671,0.21909770372189616,27.747837166961098,FY24,0.156770758747794,0.7776072044856118
BANKBARODA,532134,Q3FY25,1.710442460092183,0.2814490245207495,27.81544765684327,FY25,0.1414057613715778,0.7222580658885577
BANKBARODA,532134,Q3FY26,0.9686283994900362,0.23529486045412684,28.056423507104704,FY26,0.1414057613715778,0.7222580658885577
BANKBARODA,532134,Q4FY21,1.2583812177947213,0.32403102099121195,26.551361139555013,FY21,0.1414057613715778,0.7222580658885577
BANKBARODA,532134,Q4FY22,1.4050402448569548,0.18983810160745193,26.960866631911426,FY22,0.1414057613715778,0.7222580658885577
BANKBARODA,532134,Q4FY23,1.4755520090659893,0.5200708547076748,27.404622920777463,FY23,0.14188037866377837,1.004059204698175
BANKBARODA,532134,Q4FY24,1.3542670947938382,0.6371886519751271,27.88112508920241,FY24,0.156770758747794,0.7776072044856118
BANKBARODA,532134,Q4FY25,1.6895338229747205,-0.2296934219330016,27.764187202498217,FY25,0.1414057613715778,0.7222580658885577
BANKBARODA,532134,Q4FY26,1.125781537969142,0.585400059970796,27.878216533786645,FY26,0.1414057613715778,0.7222580658885577
BASF,500042,Q1FY22,0.8676825884782855,0.5104396440947371,25.430935617867448,FY22,,
BASF,500042,Q1FY23,0.7451780671624577,0.09332208804741438,25.483189072566958,FY23,0.14915333298780534,0.03918657771788626
BASF,500042,Q1FY24,0.45624588287790646,0.06338145981142598,25.446130301799514,FY24,0.17473863812626028,0.048416317667132
BASF,500042,Q1FY25,1.0117601629666308,0.7663500659529568,26.11084488558385,FY25,0.13181703115885401,0.05230747218156003
BASF,500042,Q1FY26,0.4620258361327832,0.1796052587058322,26.128541420633706,FY26,0.13181703115885401,0.05230747218156003
BASF,500042,Q2FY22,0.7539043519161872,1.2109355302342846,25.711322878930186,FY22,0.13181703115885401,0.05230747218156003
BASF,500042,Q2FY23,0.7581843034213052,-0.046237650329878144,25.573834051990918,FY23,0.14915333298780534,0.03918657771788626
BASF,500042,Q2FY24,0.32938941873865263,-0.2154926622988797,25.42262233508338,FY24,0.17473863812626028,0.048416317667132
BASF,500042,Q2FY25,0.9107674520005974,1.6141847554734434,26.486605208083564,FY25,0.13181703115885401,0.05230747218156003
BASF,500042,Q2FY26,0.5456717040928402,-0.33783059160858214,25.97200926742605,FY26,0.13181703115885401,0.05230747218156003
BASF,500042,Q3FY22,0.8028279651189991,0.7354200035322552,25.588344307478742,FY22,0.13181703115885401,0.05230747218156003
BASF,500042,Q3FY23,0.687021920158988,-0.014390560854638955,25.51828959793955,FY23,0.14915333298780534,0.03918657771788626
BASF,500042,Q3FY24,0.5387174601831788,0.08945901297098077,25.60517544755772,FY24,0.17473863812626028,0.048416317667132
BASF,500042,Q3FY25,0.8677063098505908,1.050417763242799,26.203249077535595,FY25,0.13181703115885401,0.05230747218156003
BASF,500042,Q3FY26,0.6067633073368549,-0.2800535972056084,25.866876141366177,FY26,0.13181703115885401,0.05230747218156003
BASF,500042,Q4FY21,0.8076303309111563,0.18321653034999788,25.20312129721385,FY21,0.13181703115885401,0.05230747218156003
BASF,500042,Q4FY22,0.8137281863972026,0.3962278041665868,25.608527848039085,FY22,0.13181703115885401,0.05230747218156003
BASF,500042,Q4FY23,0.5568579606342987,-0.1721251899849501,25.30390290929844,FY23,0.14915333298780534,0.03918657771788626
BASF,500042,Q4FY24,0.5771720710910813,0.5048556028598853,25.68977474292418,FY24,0.17473863812626028,0.048416317667132
BASF,500042,Q4FY25,0.9369507049207001,0.3318769084717745,25.974096912759524,FY25,0.13181703115885401,0.05230747218156003
BASF,500042,Q4FY26,0.7843095326420526,-0.18955387530035656,25.658416313464155,FY26,0.13181703115885401,0.05230747218156003
BATAINDIA,500043,Q1FY22,0.7325448927988124,-0.021094141067429736,25.987026450018774,FY22,,
BATAINDIA,500043,Q1FY23,1.0714530989879876,0.20096886031387298,26.03347246648487,FY23,0.22458750808296424,0.8666662031274988
BATAINDIA,500043,Q1FY24,0.7296492539911059,-0.06685064319662833,26.065485426474005,FY24,0.17192494824457247,0.8889254191354601
BATAINDIA,500043,Q1FY25,0.6353095232326509,-0.09240036386640414,25.971677177127084,FY25,0.20994524950744875,0.9184031624869917
BATAINDIA,500043,Q1FY26,0.6270028172484783,-0.047411927298794086,25.771659572571064,FY26,0.20994524950744875,0.9184031624869917
BATAINDIA,500043,Q2FY22,0.7247737821097696,0.12841148791440396,26.097001096986016,FY22,0.20994524950744875,0.9184031624869917
BATAINDIA,500043,Q2FY23,1.0984451412336407,0.15480108747298893,26.149034204001268,FY23,0.22458750808296424,0.8666662031274988
BATAINDIA,500043,Q2FY24,0.531263555312731,-0.0751920953344977,26.03232699782863,FY24,0.17192494824457247,0.8889254191354601
BATAINDIA,500043,Q2FY25,0.6393252345737819,-0.14441346146671333,25.936260320755274,FY25,0.20994524950744875,0.9184031624869917
BATAINDIA,500043,Q2FY26,0.6944293116584397,-0.2265669884361384,25.73213012440245,FY26,0.20994524950744875,0.9184031624869917
BATAINDIA,500043,Q3FY22,0.9110385210363632,0.21951612143165186,26.148247995086905,FY22,0.20994524950744875,0.9184031624869917
BATAINDIA,500043,Q3FY23,0.935364709444128,-0.07900659222125572,26.049633742045064,FY23,0.22458750808296424,0.8666662031274988
BATAINDIA,500043,Q3FY24,0.5896299187776441,-0.03262073349522617,26.058710509196352,FY24,0.17192494824457247,0.8889254191354601
BATAINDIA,500043,Q3FY25,0.6867042227055968,-0.0945438817990508,25.890206581432516,FY25,0.20994524950744875,0.9184031624869917
BATAINDIA,500043,Q3FY26,0.6042450973280654,-0.281515129003429,25.520720041036103,FY26,0.20994524950744875,0.9184031624869917
BATAINDIA,500043,Q4FY21,0.6611894944871013,-0.08621908657029101,25.859947091204276,FY21,0.20994524950744875,0.9184031624869917
BATAINDIA,500043,Q4FY22,1.0007578028862387,0.24014579246856188,26.19508607018503,FY22,0.20994524950744875,0.9184031624869917
BATAINDIA,500043,Q4FY23,0.859464094707926,-0.22294907844242434,25.898868033651546,FY23,0.22458750808296424,0.8666662031274988
BATAINDIA,500043,Q4FY24,0.7020721660404067,-0.024322976388894583,25.86765522071563,FY24,0.17192494824457247,0.8889254191354601
BATAINDIA,500043,Q4FY25,0.6298542948228623,-0.049945515403791906,25.770594493462408,FY25,0.20994524950744875,0.9184031624869917
BATAINDIA,500043,Q4FY26,0.8378171608351668,-0.37453142177511706,25.081005933617348,FY26,0.20994524950744875,0.9184031624869917
BAYERCROP,506285,Q1FY22,0.21956272154582157,-0.034328458975490944,26.15550897311554,FY22,,
BAYERCROP,506285,Q1FY23,0.40706982964617344,0.023800178888207443,26.040757586606716,FY23,0.27956196305445963,0.02710077062055234
BAYERCROP,506285,Q1FY24,0.3992506272764348,-0.12711950810455405,25.93360168329155,FY24,0.25987927282936757,0.016529795746472942
BAYERCROP,506285,Q1FY25,0.4659005956449527,0.23892236611084672,26.385970673472727,FY25,0.19927027785573956,0.03687201796239124
BAYERCROP,506285,Q1FY26,0.6014247749679045,0.09771092582072853,26.342381125946527,FY26,0.19927027785573956,0.03687201796239124
BAYERCROP,506285,Q2FY22,0.30803024441046645,0.023448865307141315,26.071291477072,FY22,0.19927027785573956,0.03687201796239124
BAYERCROP,506285,Q2FY23,0.407580191878851,0.05369828758839263,26.02041656795121,FY23,0.27956196305445963,0.02710077062055234
BAYERCROP,506285,Q2FY24,0.25630030218024547,-0.07677141578702619,26.138239685843068,FY24,0.25987927282936757,0.016529795746472942
BAYERCROP,506285,Q2FY25,0.4383849765643225,0.3609327553298935,26.34519816682917,FY25,0.19927027785573956,0.03687201796239124
BAYERCROP,506285,Q2FY26,0.6575658952094241,-0.16510720692411762,26.079337788761862,FY26,0.19927027785573956,0.03687201796239124
BAYERCROP,506285,Q3FY22,0.24631562350835384,-0.11260795150625268,26.032344608236578,FY22,0.19927027785573956,0.03687201796239124
BAYERCROP,506285,Q3FY23,0.4442751220974454,0.01665204212563224,26.05317490939925,FY23,0.27956196305445963,0.02710077062055234
BAYERCROP,506285,Q3FY24,0.31159240002643074,0.18010448176516256,26.196145415839382,FY24,0.25987927282936757,0.016529795746472942
BAYERCROP,506285,Q3FY25,0.5212180133568527,0.08556582844689821,26.216674012965544,FY25,0.19927027785573956,0.03687201796239124
BAYERCROP,506285,Q3FY26,0.709757164064565,-0.17249074850210344,26.045524584400457,FY26,0.19927027785573956,0.03687201796239124
BAYERCROP,506285,Q4FY21,0.24586235260622502,-0.05452635649437185,26.075243073064083,FY21,0.19927027785573956,0.03687201796239124
BAYERCROP,506285,Q4FY22,0.3818093454795333,-0.10966125605370172,26.033179857766278,FY22,0.19927027785573956,0.03687201796239124
BAYERCROP,506285,Q4FY23,0.3965520191463849,0.015750238477184604,25.86185687389515,FY23,0.27956196305445963,0.02710077062055234
BAYERCROP,506285,Q4FY24,0.4041797417153089,0.354061944266958,26.141070472510545,FY24,0.25987927282936757,0.016529795746472942
BAYERCROP,506285,Q4FY25,0.5939592734303224,-0.2103707632314816,26.09389746105631,FY25,0.19927027785573956,0.03687201796239124
BAYERCROP,506285,Q4FY26,0.4780272130716148,0.03234516377553289,26.0645612096739,FY26,0.19927027785573956,0.03687201796239124
BDL,541143,Q1FY22,0.46482469648244745,0.08095518705090224,24.86394491402433,FY22,,
BDL,541143,Q1FY23,0.7072566245003187,1.2444912690508187,25.525656386150047,FY23,0.1096606421359106,0.0016215175866387823
BDL,541143,Q1FY24,0.9397153520909585,0.5737341723736283,26.033568033059513,FY24,0.1684768682602754,0.0010286724680849905
BDL,541143,Q1FY25,1.1318387519823756,1.8882886746485992,27.087179225252367,FY25,0.137104501257536,0.0005275694578242267
BDL,541143,Q1FY26,1.1107433515330347,0.3288667312659835,27.287813054440704,FY26,0.137104501257536,0.0005275694578242267
BDL,541143,Q2FY22,0.48481242601240826,0.15124211711123364,24.93306854290652,FY22,0.137104501257536,0.0005275694578242267
BDL,541143,Q2FY23,0.8102708039946477,1.1574206867779993,25.776816108123487,FY23,0.1096606421359106,0.0016215175866387823
BDL,541143,Q2FY24,0.9015883588641895,0.41993191267888447,25.951974354212943,FY24,0.1684768682602754,0.0010286724680849905
BDL,541143,Q2FY25,1.1042115916138988,1.3653276325492063,26.76846257586326,FY25,0.137104501257536,0.0005275694578242267
BDL,541143,Q2FY26,1.2499878449660398,0.11642205209852306,27.024802180851147,FY26,0.137104501257536,0.0005275694578242267
BDL,541143,Q3FY22,0.5746037822218526,0.24066051685029333,24.95015620220493,FY22,0.137104501257536,0.0005275694578242267
BDL,541143,Q3FY23,0.8400195118456663,1.533842434577049,25.853110142818146,FY23,0.1096606421359106,0.0016215175866387823
BDL,541143,Q3FY24,0.8355321316006828,0.20682442272750043,26.459020846939623,FY24,0.1684768682602754,0.0010286724680849905
BDL,541143,Q3FY25,1.1772200446439411,1.0175683094269705,26.735912707744607,FY25,0.137104501257536,0.0005275694578242267
BDL,541143,Q3FY26,1.4144296307027773,0.4884068796511442,27.00675935485477,FY26,0.137104501257536,0.0005275694578242267
BDL,541143,Q4FY21,0.408668289229806,0.006319839464862594,24.790341620327865,FY21,0.137104501257536,0.0005275694578242267
BDL,541143,Q4FY22,0.7303782716625498,0.3289009716476233,25.310371948197872,FY22,0.137104501257536,0.0005275694578242267
BDL,541143,Q4FY23,0.8159963880259254,1.1615833262146438,25.908651765240265,FY23,0.1096606421359106,0.0016215175866387823
BDL,541143,Q4FY24,1.098787751060558,1.382451877168296,26.481855188619956,FY24,0.1684768682602754,0.0010286724680849905
BDL,541143,Q4FY25,1.2148513983280587,0.17961494927727065,26.871430212791488,FY25,0.137104501257536,0.0005275694578242267
BDL,541143,Q4FY26,1.3012970576961136,0.23357014121215505,26.7196493375186,FY26,0.137104501257536,0.0005275694578242267
BEL,500049,Q1FY22,0.9079060775242556,0.18729692057543307,26.729722114389816,FY22,,
BEL,500049,Q1FY23,0.8453056570804285,0.6917236441412782,27.0246182160768,FY23,0.2153007979581045,0.004425165005847075
BEL,500049,Q1FY24,0.9912743848235952,0.5138140930784836,27.520043532693887,FY24,0.24405275604585683,0.003828751714240739
BEL,500049,Q1FY25,1.8410047449791167,1.7426575209789823,28.42094354685994,FY25,0.26641981106334317,0.003065502012877812
BEL,500049,Q1FY26,1.2349388656531066,0.3047699471041087,28.74973326023971,FY26,0.26641981106334317,0.003065502012877812
BEL,500049,Q2FY22,0.8115622535320841,0.5080568068810787,26.867023754006354,FY22,0.26641981106334317,0.003065502012877812
BEL,500049,Q2FY23,0.8653709530199689,0.8110749058286588,27.287554246955462,FY23,0.2153007979581045,0.004425165005847075
BEL,500049,Q2FY24,1.2456337840209861,0.3968187026532403,27.619753133416303,FY24,0.24405275604585683,0.003828751714240739
BEL,500049,Q2FY25,1.8113358100566876,1.3777181579759294,28.353230243115156,FY25,0.26641981106334317,0.003065502012877812
BEL,500049,Q2FY26,1.2241056358018638,0.2523862801479507,28.70952183761763,FY26,0.26641981106334317,0.003065502012877812
BEL,500049,Q3FY22,0.890323220749649,0.6738107035813492,26.90093367460379,FY22,0.26641981106334317,0.003065502012877812
BEL,500049,Q3FY23,0.8497440089990946,0.6086905031034198,27.27709856766365,FY23,0.2153007979581045,0.004425165005847075
BEL,500049,Q3FY24,1.2112272848735608,0.33526972535942207,27.906350051452158,FY24,0.24405275604585683,0.003828751714240739
BEL,500049,Q3FY25,1.8277988910249983,1.1627728714917496,28.381074688032633,FY25,0.26641981106334317,0.003065502012877812
BEL,500049,Q3FY26,1.1073939460712938,0.4116627315242303,28.698694742205404,FY26,0.26641981106334317,0.003065502012877812
BEL,500049,Q4FY21,0.9610319047535352,0.09559230426820037,26.377051959447737,FY21,0.26641981106334317,0.003065502012877812
BEL,500049,Q4FY22,0.872424511944764,0.6554673778301874,26.919779713506372,FY22,0.26641981106334317,0.003065502012877812
BEL,500049,Q4FY23,0.9055500407465543,0.45346897035590616,27.266112700073748,FY23,0.2153007979581045,0.004425165005847075
BEL,500049,Q4FY24,1.3009006920442756,1.1903693337073322,28.003474637770623,FY24,0.24405275604585683,0.003828751714240739
BEL,500049,Q4FY25,1.9035302255999231,0.35464759920839406,28.41408631721977,FY25,0.26641981106334317,0.003065502012877812
BEL,500049,Q4FY26,0.8806022947473474,0.810130152560151,28.70556706728967,FY26,0.26641981106334317,0.003065502012877812
BHARATFORG,500493,Q1FY22,0.8821699008673838,0.23889627852599543,26.58555363223779,FY22,,
BHARATFORG,500493,Q1FY23,1.1623223683428148,0.02142266806258262,26.43396921050384,FY23,0.07879531001743935,1.0906283861996806
BHARATFORG,500493,Q1FY24,0.9633336386163877,0.2020408004870339,26.694248034362026,FY24,0.13265043128600326,1.1084136752975935
BHARATFORG,500493,Q1FY25,1.2612243998775194,1.0671401968483105,27.394110736840414,FY25,0.10170961082783783,0.7238752000089913
BHARATFORG,500493,Q1FY26,1.3493267756509262,-0.20646253346568713,27.155864188018715,FY26,0.10170961082783783,0.7238752000089913
BHARATFORG,500493,Q2FY22,0.9562902967471913,0.42927749016503286,26.55540230254234,FY22,0.10170961082783783,0.7238752000089913
BHARATFORG,500493,Q2FY23,1.1666051266251682,0.0447945998044579,26.507515184863063,FY23,0.07879531001743935,1.0906283861996806
BHARATFORG,500493,Q2FY24,0.8578344534338787,0.45275390894014894,26.966513219819753,FY24,0.13265043128600326,1.1084136752975935
BHARATFORG,500493,Q2FY25,1.322305375386135,0.64483449699891,27.30144769986249,FY25,0.10170961082783783,0.7238752000089913
BHARATFORG,500493,Q2FY26,1.3913929152571844,-0.2943590247702762,27.084521140291034,FY26,0.10170961082783783,0.7238752000089913
BHARATFORG,500493,Q3FY22,1.1025647614764371,0.31765219299446845,26.502235715031695,FY22,0.10170961082783783,0.7238752000089913
BHARATFORG,500493,Q3FY23,1.0749207313398457,0.22846097696514855,26.744414253370003,FY23,0.07879531001743935,1.0906283861996806
BHARATFORG,500493,Q3FY24,0.8986335321605898,0.33958407993940437,27.092648486821485,FY24,0.13265043128600326,1.1084136752975935
BHARATFORG,500493,Q3FY25,1.2837520096801454,0.2559495406974204,27.146956351273978,FY25,0.10170961082783783,0.7238752000089913
BHARATFORG,500493,Q3FY26,1.539469725965811,0.09139149022592952,27.277453726746245,FY26,0.10170961082783783,0.7238752000089913
BHARATFORG,500493,Q4FY21,0.9371673604916726,0.13371138604452867,26.33989505946165,FY21,0.10170961082783783,0.7238752000089913
BHARATFORG,500493,Q4FY22,1.1112957827521166,0.15818240349204382,26.506168609132096,FY22,0.10170961082783783,0.7238752000089913
BHARATFORG,500493,Q4FY23,1.0294892636696436,0.17066311491712458,26.6116377065586,FY23,0.07879531001743935,1.0906283861996806
BHARATFORG,500493,Q4FY24,1.1479822904157762,0.41895905034979386,27.002941245026577,FY24,0.13265043128600326,1.1084136752975935
BHARATFORG,500493,Q4FY25,1.3266237056856678,-0.06103295809517528,27.04356552648559,FY25,0.10170961082783783,0.7238752000089913
BHARATFORG,500493,Q4FY26,1.4580256398327203,0.7638925706619272,27.408636291052517,FY26,0.10170961082783783,0.7238752000089913
BIKAJI,543653,Q1FY22,,,,FY22,,
BIKAJI,543653,Q1FY23,,,,FY23,0.1435356479943811,0.17738451547470976
BIKAJI,543653,Q1FY24,0.5124105888185848,0.2031816366552216,25.372256610251306,FY24,0.21808084138456674,0.13653243717321167
BIKAJI,543653,Q1FY25,0.5566235919616563,0.4352648339983185,25.91177521035464,FY25,0.145204368657908,0.1669658183396616
BIKAJI,543653,Q1FY26,0.7739386723098692,0.37780411378563344,25.945979546447145,FY26,0.145204368657908,0.1669658183396616
BIKAJI,543653,Q2FY22,,,,FY22,0.145204368657908,0.1669658183396616
BIKAJI,543653,Q2FY23,,,,FY23,0.1435356479943811,0.17738451547470976
BIKAJI,543653,Q2FY24,0.43130210248557976,0.5191422146095697,25.521299603322294,FY24,0.21808084138456674,0.13653243717321167
BIKAJI,543653,Q2FY25,0.728086629274728,0.7260413302175004,26.16487370698022,FY25,0.145204368657908,0.1669658183396616
BIKAJI,543653,Q2FY26,0.786796026861941,-0.06567075935607407,25.952155406270442,FY26,0.145204368657908,0.1669658183396616
BIKAJI,543653,Q3FY22,,,,FY22,0.145204368657908,0.1669658183396616
BIKAJI,543653,Q3FY23,,,25.41337923374848,FY23,0.1435356479943811,0.17738451547470976
BIKAJI,543653,Q3FY24,0.4300950632383246,0.7443898900597178,25.640055841211694,FY24,0.21808084138456674,0.13653243717321167
BIKAJI,543653,Q3FY25,0.7382626961301217,0.4685753047668214,25.997242457663226,FY25,0.145204368657908,0.1669658183396616
BIKAJI,543653,Q3FY26,0.6438822483142526,-0.0840193442133789,25.959719234068718,FY26,0.145204368657908,0.1669658183396616
BIKAJI,543653,Q4FY21,,,,FY21,0.145204368657908,0.1669658183396616
BIKAJI,543653,Q4FY22,,,,FY22,0.145204368657908,0.1669658183396616
BIKAJI,543653,Q4FY23,0.9578650148644623,0.1255315645340672,25.228578665042864,FY23,0.1435356479943811,0.17738451547470976
BIKAJI,543653,Q4FY24,0.3716675897300825,0.3988970914846494,25.532577182897818,FY24,0.21808084138456674,0.13653243717321167
BIKAJI,543653,Q4FY25,0.7521827500579852,0.20147555763269592,25.83240769397232,FY25,0.145204368657908,0.1669658183396616
BIKAJI,543653,Q4FY26,0.6478122936296496,0.09995055368375015,25.77277246933029,FY26,0.145204368657908,0.1669658183396616
BLUESTARCO,500067,Q1FY22,0.6345864416219624,0.011467293762863259,25.12134265361953,FY22,,
BLUESTARCO,500067,Q1FY23,0.4761244334950664,0.23000530255779733,25.228164576938006,FY23,0.30095066320970953,0.49746364558674333
BLUESTARCO,500067,Q1FY24,0.2793987071825743,0.48876826061038836,25.767475731833187,FY24,0.15897919228838853,0.09307341892425165
BLUESTARCO,500067,Q1FY25,0.3122219972423266,1.1346293688318214,26.531592311707588,FY25,0.19289923067386183,0.12430587728628198
BLUESTARCO,500067,Q1FY26,1.0424983745503942,0.03602469987433505,26.536371320716178,FY26,0.19289923067386183,0.12430587728628198
BLUESTARCO,500067,Q2FY22,0.6123965944588067,-0.03472918140538822,25.235331058974833,FY22,0.19289923067386183,0.12430587728628198
BLUESTARCO,500067,Q2FY23,0.4503249026804508,0.4346953990458479,25.43536768420488,FY23,0.30095066320970953,0.49746364558674333
BLUESTARCO,500067,Q2FY24,0.16255846026588208,0.3629310118211841,25.90692193040958,FY24,0.15897919228838853,0.09307341892425165
BLUESTARCO,500067,Q2FY25,0.42825196328725285,1.2884550519665023,26.768862131040304,FY25,0.19289923067386183,0.12430587728628198
BLUESTARCO,500067,Q2FY26,1.057937646157852,0.1336917426008039,26.680957279772095,FY26,0.19289923067386183,0.12430587728628198
BLUESTARCO,500067,Q3FY22,0.5234573948080716,0.22908689279367345,25.341147305475065,FY22,0.19289923067386183,0.12430587728628198
BLUESTARCO,500067,Q3FY23,0.45018496230878746,0.3201292744402176,25.52141329072827,FY23,0.30095066320970953,0.49746364558674333
BLUESTARCO,500067,Q3FY24,0.2122786084650621,0.6647267123086159,25.98576851435664,FY24,0.15897919228838853,0.09307341892425165
BLUESTARCO,500067,Q3FY25,0.6987213408479891,0.8974984342960406,26.8047701071276,FY25,0.19289923067386183,0.12430587728628198
BLUESTARCO,500067,Q3FY26,1.0033356228314863,-0.020198150148870272,26.597679652189083,FY26,0.19289923067386183,0.12430587728628198
BLUESTARCO,500067,Q4FY21,0.5696984802748795,0.0788445837413196,25.256557683475837,FY21,0.19289923067386183,0.12430587728628198
BLUESTARCO,500067,Q4FY22,0.5734945747751089,0.3350584472332621,25.380107809077792,FY22,0.19289923067386183,0.12430587728628198
BLUESTARCO,500067,Q4FY23,0.34868948541497036,0.3751110363343685,25.66093401945729,FY23,0.30095066320970953,0.49746364558674333
BLUESTARCO,500067,Q4FY24,0.426060592746678,0.8286125317973785,26.282150724191997,FY24,0.15897919228838853,0.09307341892425165
BLUESTARCO,500067,Q4FY25,0.7870065638275511,0.4667267399160797,26.80348373997301,FY25,0.19289923067386183,0.12430587728628198
BLUESTARCO,500067,Q4FY26,1.0202837750931684,0.042177512405353466,26.525822566252852,FY26,0.19289923067386183,0.12430587728628198
BOSCHLTD,500530,Q1FY22,0.9180005184531097,0.16344454374025122,26.745516863719647,FY22,,
BOSCHLTD,500530,Q1FY23,1.0768094079115282,-0.027910295095773745,26.766577437014696,FY23,0.1295308538768389,0.0048341223614506
BOSCHLTD,500530,Q1FY24,0.7649320746447672,0.3840734088683545,27.013799110895707,FY24,0.20662856953279865,0.00325954432731465
BOSCHLTD,500530,Q1FY25,0.555528576047502,0.6733874831459143,27.61795063880354,FY25,0.145888382935287,0.008564209855718765
BOSCHLTD,500530,Q1FY26,0.9818050029189977,0.02359016592976288,27.580722367888235,FY26,0.145888382935287,0.008564209855718765
BOSCHLTD,500530,Q2FY22,0.8913745611856478,0.07532041209609158,26.782529894802458,FY22,0.145888382935287,0.008564209855718765
BOSCHLTD,500530,Q2FY23,1.0954872394844446,0.31096848237563257,26.817199315535337,FY23,0.1295308538768389,0.0048341223614506
BOSCHLTD,500530,Q2FY24,0.6438164696058399,0.10712183244886561,27.027353029544027,FY24,0.20662856953279865,0.00325954432731465
BOSCHLTD,500530,Q2FY25,0.6587793303806979,0.7926020547632295,27.72305932302609,FY25,0.145888382935287,0.008564209855718765
BOSCHLTD,500530,Q2FY26,0.8698985221177529,0.27983360751002057,27.74883517137048,FY26,0.145888382935287,0.008564209855718765
BOSCHLTD,500530,Q3FY22,0.9478063902066207,0.29117273016488987,26.8952129085622,FY22,0.145888382935287,0.008564209855718765
BOSCHLTD,500530,Q3FY23,1.044385255431659,0.06691132907748512,26.90488496274301,FY23,0.1295308538768389,0.0048341223614506
BOSCHLTD,500530,Q3FY24,0.594746139826876,0.35343258908729924,27.182141240446565,FY24,0.20662856953279865,0.00325954432731465
BOSCHLTD,500530,Q3FY25,0.7980424389084642,0.7197559640995395,27.623262330146286,FY25,0.145888382935287,0.008564209855718765
BOSCHLTD,500530,Q3FY26,0.7946335476644688,0.05258655320497272,27.692069916568425,FY26,0.145888382935287,0.008564209855718765
BOSCHLTD,500530,Q4FY21,1.006685868303946,0.14391193993219423,26.68114311110641,FY21,0.145888382935287,0.008564209855718765
BOSCHLTD,500530,Q4FY22,0.9572365801580156,0.06293123506798616,26.713234792277348,FY22,0.145888382935287,0.008564209855718765
BOSCHLTD,500530,Q4FY23,1.0082145883946674,0.1553621961251815,27.030853943945477,FY23,0.1295308538768389,0.0048341223614506
BOSCHLTD,500530,Q4FY24,0.6798940318017577,0.6652779451988083,27.491351156553268,FY24,0.20662856953279865,0.00325954432731465
BOSCHLTD,500530,Q4FY25,0.7774160402543413,-0.05673286696096592,27.438884101919946,FY25,0.145888382935287,0.008564209855718765
BOSCHLTD,500530,Q4FY26,1.0363329079909946,0.37396772674568873,27.46590432290354,FY26,0.145888382935287,0.008564209855718765
BPCL,500547,Q1FY22,0.7463449746982678,0.2969057223347659,27.306127447506537,FY22,,
BPCL,500547,Q1FY23,0.9118690141917438,-0.18957274726765502,27.03989993553511,FY23,0.039816069396043076,1.2962064826737834
BPCL,500547,Q1FY24,0.5733075249921094,0.1341251263072468,27.225017085913148,FY24,0.3551107415590458,0.7218744046250478
BPCL,500547,Q1FY25,1.4764085870732302,0.8599420731511286,27.79320564607641,FY25,0.16387173019588105,0.7507680863382618
BPCL,500547,Q1FY26,1.1352383920857578,0.02458862883812583,27.932422468326365,FY26,0.16387173019588105,0.7507680863382618
BPCL,500547,Q2FY22,0.7050937034948912,0.29910937343121674,27.352327289135697,FY22,0.16387173019588105,0.7507680863382618
BPCL,500547,Q2FY23,0.9347430488071437,-0.1598055592587717,27.045597856111815,FY23,0.039816069396043076,1.2962064826737834
BPCL,500547,Q2FY24,0.5068988051759522,0.07988275241337386,27.185204436991228,FY24,0.3551107415590458,0.7218744046250478
BPCL,500547,Q2FY25,1.4279971833572391,1.1906730111149684,28.021239663201477,FY25,0.16387173019588105,0.7507680863382618
BPCL,500547,Q2FY26,1.1048723729798666,-0.06660287801260495,27.9702994454746,FY26,0.16387173019588105,0.7507680863382618
BPCL,500547,Q3FY22,0.8388537919116397,0.1975016389182565,27.249512289198513,FY22,0.16387173019588105,0.7507680863382618
BPCL,500547,Q3FY23,0.8357388516775596,-0.0733567554864071,27.126548645406178,FY23,0.039816069396043076,1.2962064826737834
BPCL,500547,Q3FY24,0.7212525288421736,0.4125161230442002,27.49388619510501,FY24,0.3551107415590458,0.7218744046250478
BPCL,500547,Q3FY25,1.455297636525568,0.6107065836580177,27.7861656114326,FY25,0.16387173019588105,0.7507680863382618
BPCL,500547,Q3FY26,1.0142464900506225,0.27294518484484603,28.113620132075262,FY26,0.16387173019588105,0.7507680863382618
BPCL,500547,Q4FY21,0.7383067586772336,0.2246542916034243,27.216451658313847,FY21,0.16387173019588105,0.7507680863382618
BPCL,500547,Q4FY22,0.8947407952536905,-0.02585179530748808,27.192799044369252,FY22,0.16387173019588105,0.7507680863382618
BPCL,500547,Q4FY23,0.7054717901515413,-0.09567887531149104,27.167455213293163,FY23,0.039816069396043076,1.2962064826737834
BPCL,500547,Q4FY24,1.1311063322913597,1.005448238289519,27.784117008185717,FY24,0.3551107415590458,0.7218744046250478
BPCL,500547,Q4FY25,1.4177229330434888,-0.20476072530410447,27.756748423158072,FY25,0.16387173019588105,0.7507680863382618
BPCL,500547,Q4FY26,1.0464322159414134,0.6062262101082834,27.82915043748409,FY26,0.16387173019588105,0.7507680863382618
BRIGADE,532929,Q1FY22,0.7257299323901225,0.04250201815100857,24.9344431172382,FY22,,
BRIGADE,532929,Q1FY23,1.2344175353205695,0.7270069683724479,25.401135450968614,FY23,0.08980249675655853,1.537166295327287
BRIGADE,532929,Q1FY24,0.6372195186268028,0.26763723763838443,25.662237702625703,FY24,0.12843877536510104,1.6741123103394338
BRIGADE,532929,Q1FY25,1.2101246037865026,1.3851821101274873,26.517642451379,FY25,0.1216220769892435,1.05516587005294
BRIGADE,532929,Q1FY26,1.109581529831908,-0.13329669052649062,26.32447365483747,FY26,0.1216220769892435,1.05516587005294
BRIGADE,532929,Q2FY22,0.8661501465142442,0.34596924068488394,25.320567617232694,FY22,0.1216220769892435,1.05516587005294
BRIGADE,532929,Q2FY23,1.1303481785426734,0.6884037433287099,25.539378373605683,FY23,0.08980249675655853,1.537166295327287
BRIGADE,532929,Q2FY24,0.5760697937937824,0.18405640403091705,25.65282569454127,FY24,0.12843877536510104,1.6741123103394338
BRIGADE,532929,Q2FY25,1.2355733082235538,1.0670652867541244,26.568871091840574,FY25,0.1216220769892435,1.05516587005294
BRIGADE,532929,Q2FY26,1.1337036902995694,-0.21774182087434132,26.113104261049134,FY26,0.1216220769892435,1.05516587005294
BRIGADE,532929,Q3FY22,1.023423833346479,0.9798162554662048,25.499427834456405,FY22,0.1216220769892435,1.05516587005294
BRIGADE,532929,Q3FY23,0.9863154472971676,0.06062850652309957,25.449664768142885,FY23,0.08980249675655853,1.537166295327287
BRIGADE,532929,Q3FY24,0.5661693547926555,0.6680302257419575,26.10974555885028,FY24,0.12843877536510104,1.6741123103394338
BRIGADE,532929,Q3FY25,1.2214123313744982,0.6964918487588344,26.437821626454397,FY25,0.1216220769892435,1.05516587005294
BRIGADE,532929,Q3FY26,1.209426031382418,-0.25339701708412765,26.100695704690825,FY26,0.1216220769892435,1.05516587005294
BRIGADE,532929,Q4FY21,0.7214788233857368,0.16218932795043942,24.92780693444412,FY21,0.1216220769892435,1.05516587005294
BRIGADE,532929,Q4FY22,1.3244798816979162,0.7504286493923421,25.552163134716032,FY22,0.1216220769892435,1.05516587005294
BRIGADE,532929,Q4FY23,0.7746551742249833,-0.01842342356840484,25.470202944660098,FY23,0.08980249675655853,1.537166295327287
BRIGADE,532929,Q4FY24,0.9046455186895579,1.0507513668320776,26.15183577530477,FY24,0.12843877536510104,1.6741123103394338
BRIGADE,532929,Q4FY25,1.3502248098871208,-0.005913354221614837,26.19666692717346,FY25,0.1216220769892435,1.05516587005294
BRIGADE,532929,Q4FY26,1.0924284725053366,-0.2645809232056096,25.79323360355757,FY26,0.1216220769892435,1.05516587005294
CASTROLIND,500870,Q1FY22,0.20766661541902445,0.11287202334014795,25.43091863828689,FY22,,
CASTROLIND,500870,Q1FY23,0.48816245677149217,-0.18740461747740053,25.151051476551,FY23,0.43220415369850956,0.026484202266135744
CASTROLIND,500870,Q1FY24,0.3922054921704073,0.14406898232139556,25.362663099624438,FY24,0.4072838162031211,0.0362682578510527
CASTROLIND,500870,Q1FY25,1.1967496088136458,0.7313774119658746,25.913040365182272,FY25,0.40697077296488277,0.03599942063843888
CASTROLIND,500870,Q1FY26,1.1787977100896416,0.18412953151161568,26.06879894267557,FY26,0.499884228805978,0.03305267589328001
CASTROLIND,500870,Q2FY22,0.24091780655984413,0.14698710568420054,25.42862692776318,FY22,0.499884228805978,0.03305267589328001
CASTROLIND,500870,Q2FY23,0.4717518293804972,-0.11326397115391504,25.264220549878274,FY23,0.43220415369850956,0.026484202266135744
CASTROLIND,500870,Q2FY24,0.4844862684745643,0.32537478217202104,25.51964613444912,FY24,0.4072838162031211,0.0362682578510527
CASTROLIND,500870,Q2FY25,1.2747892769448899,0.8762211140937699,26.130773352284294,FY25,0.40697077296488277,0.03599942063843888
CASTROLIND,500870,Q2FY26,1.146566950454555,-0.2317301702697077,25.980420281325067,FY26,0.499884228805978,0.03305267589328001
CASTROLIND,500870,Q3FY22,0.2675420152608531,0.08236199464178082,25.29611409696473,FY22,0.499884228805978,0.03305267589328001
CASTROLIND,500870,Q3FY23,0.515696107390605,0.07649835790231367,25.352894367944057,FY23,0.43220415369850956,0.026484202266135744
CASTROLIND,500870,Q3FY24,0.7727815009437302,0.09150586270663162,25.77998178608934,FY24,0.4072838162031211,0.0362682578510527
CASTROLIND,500870,Q3FY25,1.4065238348259026,0.5505484102903629,25.911588643910616,FY25,0.40697077296488277,0.03599942063843888
CASTROLIND,500870,Q3FY26,0.884443405774568,0.028352504531343945,25.944260471658392,FY26,0.499884228805978,0.03305267589328001
CASTROLIND,500870,Q4FY21,0.14805287603317577,0.06311477847513529,25.272948241537073,FY21,0.499884228805978,0.03305267589328001
CASTROLIND,500870,Q4FY22,0.41824095186979443,-0.10419921639312181,25.10018246222181,FY22,0.499884228805978,0.03305267589328001
CASTROLIND,500870,Q4FY23,0.46514586672189473,0.08764113845295786,25.248570789380345,FY23,0.43220415369850956,0.026484202266135744
CASTROLIND,500870,Q4FY24,1.3925309915936617,0.7461278229139431,25.837155536422152,FY24,0.4072838162031211,0.0362682578510527
CASTROLIND,500870,Q4FY25,1.2932937438533885,0.08981678315962888,25.980347462489018,FY25,0.40697077296488277,0.03599942063843888
CASTROLIND,500870,Q4FY26,0.46044060117214874,-0.04641216801305363,25.868621518269265,FY26,0.499884228805978,0.03305267589328001
CEATLTD,500878,Q1FY22,0.6133055121484555,0.2113492927208906,24.6839048439232,FY22,,
CEATLTD,500878,Q1FY23,0.6662286901528953,-0.2130966040789486,24.320517847850795,FY23,0.05412485027502878,0.6673576304496982
CEATLTD,500878,Q1FY24,0.4626541810499383,0.904393701581218,25.13094663584621,FY24,0.15896908185553393,0.4431542988316954
CEATLTD,500878,Q1FY25,0.6597138120709808,0.27536853019038937,25.437222339415776,FY25,0.10819200051275829,0.4890386468674817
CEATLTD,500878,Q1FY26,1.0250039817222298,0.6107076349799676,25.71525615206814,FY26,0.10819200051275829,0.4890386468674817
CEATLTD,500878,Q2FY22,0.5937044880344634,0.18563750777657556,24.66980103651315,FY22,0.10819200051275829,0.4890386468674817
CEATLTD,500878,Q2FY23,0.6427601390181975,0.1257250444382077,24.847315058536186,FY23,0.05412485027502878,0.6673576304496982
CEATLTD,500878,Q2FY24,0.6588134945320188,0.670285980000364,25.152212242566947,FY24,0.15896908185553393,0.4431542988316954
CEATLTD,500878,Q2FY25,0.7116883947225395,0.21613009470976347,25.560182185962375,FY25,0.10819200051275829,0.4890386468674817
CEATLTD,500878,Q2FY26,0.9700062386980339,0.12431184649731801,25.63952814068068,FY26,0.10819200051275829,0.4890386468674817
CEATLTD,500878,Q3FY22,0.6383827449746573,0.05757950364532231,24.585831946275647,FY22,0.10819200051275829,0.4890386468674817
CEATLTD,500878,Q3FY23,0.6790499027601571,0.5590689757594118,24.890168612703494,FY23,0.05412485027502878,0.6673576304496982
CEATLTD,500878,Q3FY24,0.8037183637841645,0.20074079190346442,25.28648551789585,FY24,0.15896908185553393,0.4431542988316954
CEATLTD,500878,Q3FY25,0.8184715510746343,0.48337368285100873,25.584466503716026,FY25,0.10819200051275829,0.4890386468674817
CEATLTD,500878,Q3FY26,0.9328941630539489,0.3218654732334631,25.758958445196797,FY26,0.10819200051275829,0.4890386468674817
CEATLTD,500878,Q4FY21,0.6909455948349633,0.4581370256959189,24.819149251027916,FY21,0.10819200051275829,0.4890386468674817
CEATLTD,500878,Q4FY22,0.5330152006817002,-0.356329079264078,24.320620723626835,FY22,0.10819200051275829,0.4890386468674817
CEATLTD,500878,Q4FY23,0.729381675993831,0.40045375783554454,24.765891988903466,FY23,0.05412485027502878,0.6673576304496982
CEATLTD,500878,Q4FY24,0.6431542693776942,0.9493458089492284,25.386541415654523,FY24,0.15896908185553393,0.4431542988316954
CEATLTD,500878,Q4FY25,0.9208050678879378,-0.055146315660500336,25.468873662552298,FY25,0.10819200051275829,0.4890386468674817
CEATLTD,500878,Q4FY26,1.1014832416327827,0.4006089488746865,25.596991685693435,FY26,0.10819200051275829,0.4890386468674817
CESC,500084,Q1FY22,0.6419228174156208,0.1702548779519827,25.14354105338599,FY22,,
CESC,500084,Q1FY23,0.514326933277971,0.2279892941465808,25.116159229776553,FY23,0.12307831906708938,1.3072737221560773
CESC,500084,Q1FY24,0.5817808968170477,-0.05198166384309351,25.186456475719833,FY24,0.12025103008656571,1.2706698795349145
CESC,500084,Q1FY25,1.6997732628979563,1.0893634187063688,26.03372979135842,FY25,0.113986004669551,1.496954133818274
CESC,500084,Q1FY26,1.2291131013927605,0.15369197921044406,26.118115108005174,FY26,0.113986004669551,1.496954133818274
CESC,500084,Q2FY22,0.5592608469787335,0.38298946828943325,25.316750714326684,FY22,0.113986004669551,1.496954133818274
CESC,500084,Q2FY23,0.5707002794918513,0.11699350734613008,25.198360483670672,FY23,0.12307831906708938,1.3072737221560773
CESC,500084,Q2FY24,0.5087777233180646,0.13960628088456442,25.409738958270765,FY24,0.12025103008656571,1.2706698795349145
CESC,500084,Q2FY25,1.5657453509166637,1.593398065757053,26.247828833720135,FY25,0.113986004669551,1.496954133818274
CESC,500084,Q2FY26,1.2653037955590098,-0.22876049673577778,26.059362774551232,FY26,0.113986004669551,1.496954133818274
CESC,500084,Q3FY22,0.7092789743582116,0.5157227854257144,25.271504289484668,FY22,0.113986004669551,1.496954133818274
CESC,500084,Q3FY23,0.4533242206519831,-0.11157504137775459,25.186649249276186,FY23,0.12307831906708938,1.3072737221560773
CESC,500084,Q3FY24,1.0979015514327486,0.4506934696685514,25.79706764998534,FY24,0.12025103008656571,1.2706698795349145
CESC,500084,Q3FY25,1.4640499392315953,0.8423454610091781,26.167806766999398,FY25,0.113986004669551,1.496954133818274
CESC,500084,Q3FY26,1.2947538522348248,0.06702991530893959,26.126450198456414,FY26,0.113986004669551,1.496954133818274
CESC,500084,Q4FY21,0.4959588944587512,0.04208099090507237,24.883401869952692,FY21,0.113986004669551,1.496954133818274
CESC,500084,Q4FY22,0.6438819650445841,0.360536464410848,25.179424267963228,FY22,0.113986004669551,1.496954133818274
CESC,500084,Q4FY23,0.48579134771217963,-0.03315829048460712,25.109940079436196,FY23,0.12307831906708938,1.3072737221560773
CESC,500084,Q4FY24,1.4526323972883572,0.8289787966533669,25.74358462121799,FY24,0.12025103008656571,1.2706698795349145
CESC,500084,Q4FY25,1.4916717071690044,0.0517890305590838,26.008118268111843,FY25,0.113986004669551,1.496954133818274
CESC,500084,Q4FY26,1.007324518920257,0.2934764822670761,26.0168766904469,FY26,0.113986004669551,1.496954133818274
CGCL,531595,Q1FY22,0.16270314331807392,0.7204775501192227,26.904088810206343,FY22,,
CGCL,531595,Q1FY23,0.2925005712062997,0.43813675429024906,27.159901805724335,FY23,0.05739894869282164,2.1066814267756304
CGCL,531595,Q1FY24,0.08318058866565473,0.1681428163633128,27.323872814322183,FY24,0.0728270303943366,2.7125565283573607
CGCL,531595,Q1FY25,0.6266500842339338,-0.6861877572593825,26.054531213366,FY25,0.11118081214247727,3.6190659736525457
CGCL,531595,Q1FY26,0.9492424235106267,-0.3160766054146769,25.835176566402904,FY26,0.11118081214247727,3.6190659736525457
CGCL,531595,Q2FY22,0.16424967801070756,0.5959484572162371,26.871637613612968,FY22,0.11118081214247727,3.6190659736525457
CGCL,531595,Q2FY23,0.25420084745628596,0.4022010012570857,27.225394839084487,FY23,0.05739894869282164,2.1066814267756304
CGCL,531595,Q2FY24,0.15611153892771004,0.19923389625064156,27.363708749751687,FY24,0.0728270303943366,2.7125565283573607
CGCL,531595,Q2FY25,0.6383694485561833,-0.7246442086123278,26.016097800940877,FY25,0.11118081214247727,3.6190659736525457
CGCL,531595,Q2FY26,1.0308399785197453,-0.1143598047261466,25.906013324951417,FY26,0.11118081214247727,3.6190659736525457
CGCL,531595,Q3FY22,0.25836808936562555,0.610557317165567,26.88647117443162,FY22,0.11118081214247727,3.6190659736525457
CGCL,531595,Q3FY23,0.16978017617772131,0.46061798979893176,27.249894646520595,FY23,0.05739894869282164,2.1066814267756304
CGCL,531595,Q3FY24,0.2438150420456958,0.049324766068286,27.328852753580872,FY24,0.0728270303943366,2.7125565283573607
CGCL,531595,Q3FY25,0.728613964346782,-0.7216631781797324,25.912748691012734,FY25,0.11118081214247727,3.6190659736525457
CGCL,531595,Q3FY26,1.098561043886958,-0.0997181297899648,25.89329647291791,FY26,0.11118081214247727,3.6190659736525457
CGCL,531595,Q4FY21,0.17109276784573477,0.1648869000333322,26.56577383688007,FY21,0.11118081214247727,3.6190659736525457
CGCL,531595,Q4FY22,0.3424137062168655,0.6621366696445679,27.04893289148711,FY22,0.11118081214247727,3.6190659736525457
CGCL,531595,Q4FY23,0.23472636076511078,0.21882566095039163,27.176736665061817,FY23,0.05739894869282164,2.1066814267756304
CGCL,531595,Q4FY24,0.3307588696446026,-0.6502943801789722,26.001526966545992,FY24,0.0728270303943366,2.7125565283573607
CGCL,531595,Q4FY25,0.7979256632905588,-0.297067432705158,25.820653642431466,FY25,0.11118081214247727,3.6190659736525457
CGCL,531595,Q4FY26,1.027129225687564,0.05945576045174685,25.799620320034123,FY26,0.11118081214247727,3.6190659736525457
CGPOWER,500093,Q1FY22,0.44791296136028264,0.8801790867826426,25.535952782708314,FY22,,
CGPOWER,500093,Q1FY23,0.8998356277567707,1.0902426383332608,26.4209106570424,FY23,0.5376512837124618,0.009243176525124127
CGPOWER,500093,Q1FY24,0.8324248856341311,1.3808955060406476,27.106588496793698,FY24,0.4729207540166499,0.005819502624741503
CGPOWER,500093,Q1FY25,0.6998751442600657,0.8833798017532067,27.73105058394512,FY25,0.25354127915295466,0.010689525097881085
CGPOWER,500093,Q1FY26,1.332527233443328,0.06314350490938929,27.70051604930178,FY26,0.25354127915295466,0.010689525097881085
CGPOWER,500093,Q2FY22,0.5747700720456506,0.9238518793482945,25.977017647332854,FY22,0.25354127915295466,0.010689525097881085
CGPOWER,500093,Q2FY23,0.828950320796335,1.7096778956047942,26.627799677072844,FY23,0.5376512837124618,0.009243176525124127
CGPOWER,500093,Q2FY24,0.680076231463137,0.7914961962571023,27.262134773523243,FY24,0.4729207540166499,0.005819502624741503
CGPOWER,500093,Q2FY25,0.8340066043999985,0.6248709509796871,27.805346076211936,FY25,0.25354127915295466,0.010689525097881085
CGPOWER,500093,Q2FY26,1.3355228397167773,-0.015309459959618205,27.78319956793906,FY26,0.25354127915295466,0.010689525097881085
CGPOWER,500093,Q3FY22,0.7020248735062823,2.518477027208534,26.43592914743987,FY22,0.25354127915295466,0.010689525097881085
CGPOWER,500093,Q3FY23,0.7985970783439746,0.8589488768915616,26.76477222716598,FY23,0.5376512837124618,0.009243176525124127
CGPOWER,500093,Q3FY24,0.701279727018536,0.6367386330723445,27.28935031548361,FY24,0.4729207540166499,0.005819502624741503
CGPOWER,500093,Q3FY25,0.8258457378335002,0.8627291900005036,27.763579451999984,FY25,0.25354127915295466,0.010689525097881085
CGPOWER,500093,Q3FY26,1.4577853057938677,-0.08752092535510093,27.64900276490661,FY26,0.25354127915295466,0.010689525097881085
CGPOWER,500093,Q4FY21,0.22900567231611835,0.26427763208091376,25.36843897664899,FY21,0.25354127915295466,0.010689525097881085
CGPOWER,500093,Q4FY22,0.8677094243167405,2.130712847860189,26.409365039395094,FY22,0.25354127915295466,0.010689525097881085
CGPOWER,500093,Q4FY23,0.881265105106763,0.7467809261966036,26.874321550174482,FY23,0.5376512837124618,0.009243176525124127
CGPOWER,500093,Q4FY24,0.5399905095290395,0.3463992760941074,27.466512913082912,FY24,0.4729207540166499,0.005819502624741503
CGPOWER,500093,Q4FY25,1.0490077579411856,0.371919755153974,27.634388117941352,FY25,0.25354127915295466,0.010689525097881085
CGPOWER,500093,Q4FY26,1.316262797732215,0.23783551254277388,27.662182657303426,FY26,0.25354127915295466,0.010689525097881085
CHALET,542399,Q1FY22,0.48670919958010683,-0.07723040578098957,24.380727271608933,FY22,,
CHALET,542399,Q1FY23,1.2003764953762706,0.8031339978622727,24.954909103739446,FY23,0.11889705105065765,1.7297214740660947
CHALET,542399,Q1FY24,0.6338577592212894,0.4958562574215808,25.265138236846518,FY24,0.15025046695856303,1.5150285576624956
CHALET,542399,Q1FY25,0.5843750426047376,0.7763204369951299,25.892238723936547,FY25,0.046800210225894354,0.8548351463292373
CHALET,542399,Q1FY26,0.9520385527632054,0.19042671991144186,26.029505291933965,FY26,0.046800210225894354,0.8548351463292373
CHALET,542399,Q2FY22,0.5488652286373016,-0.0897470361494091,24.683670405583385,FY22,0.046800210225894354,0.8548351463292373
CHALET,542399,Q2FY23,1.162735960794993,0.9601572257678512,25.07090732867988,FY23,0.11889705105065765,1.7297214740660947
CHALET,542399,Q2FY24,0.5183746523607944,0.6300587779831077,25.526821077827634,FY24,0.15025046695856303,1.5150285576624956
CHALET,542399,Q2FY25,0.6543443412884931,0.7028239896878393,25.983199678419844,FY25,0.046800210225894354,0.8548351463292373
CHALET,542399,Q2FY26,1.0362703640713329,0.25324152960816465,26.061172600420388,FY26,0.046800210225894354,0.8548351463292373
CHALET,542399,Q3FY22,1.0017016771742728,0.2191743428889062,24.577800273159323,FY22,0.046800210225894354,0.8548351463292373
CHALET,542399,Q3FY23,0.8563564837272566,0.5094262299187238,25.054356720797045,FY23,0.11889705105065765,1.7297214740660947
CHALET,542399,Q3FY24,0.5418564489565512,0.7670489001039698,25.749444278953952,FY24,0.15025046695856303,1.5150285576624956
CHALET,542399,Q3FY25,0.6350197313457546,0.47881701217294204,26.085064876614073,FY25,0.046800210225894354,0.8548351463292373
CHALET,542399,Q3FY26,1.1908725299589504,0.006775246789663975,25.973680651859986,FY26,0.046800210225894354,0.8548351463292373
CHALET,542399,Q4FY21,0.28910635357740755,-0.11557927055494002,24.189107585067855,FY21,0.046800210225894354,0.8548351463292373
CHALET,542399,Q4FY22,1.256618134976434,0.563338262229798,24.91503351719193,FY22,0.046800210225894354,0.8548351463292373
CHALET,542399,Q4FY23,0.6656652005116686,0.39881756865030205,25.098264229988143,FY23,0.11889705105065765,1.7297214740660947
CHALET,542399,Q4FY24,0.3785403914519745,1.3293132113706243,25.98711311657067,FY24,0.15025046695856303,1.5150285576624956
CHALET,542399,Q4FY25,0.8709094267413413,-0.14258446286462748,25.91208166071089,FY25,0.046800210225894354,0.8548351463292373
CHALET,542399,Q4FY26,1.150208295005412,0.24237472971134977,25.758916115853054,FY26,0.046800210225894354,0.8548351463292373
CHAMBLFERT,500085,Q1FY22,0.20448608193441,0.23271139851918926,25.4225003937764,FY22,,
CHAMBLFERT,500085,Q1FY23,1.155350801794686,0.2296408340957424,25.305556659352266,FY23,0.146322001213903,0.4751482362328826
CHAMBLFERT,500085,Q1FY24,1.1555187410993153,-0.1994211257335675,25.353411273456654,FY24,0.1754026575743619,0.2576362299014924
CHAMBLFERT,500085,Q1FY25,1.708927222262662,0.40687041512755506,26.000005898686428,FY25,0.18899017188319917,0.011315281129053325
CHAMBLFERT,500085,Q1FY26,1.2266506421571686,0.3799646671741547,26.1257107031858,FY26,0.18899017188319917,0.011315281129053325
CHAMBLFERT,500085,Q2FY22,0.22648499189245844,0.4284894323120288,25.53623398668536,FY22,0.18899017188319917,0.011315281129053325
CHAMBLFERT,500085,Q2FY23,1.26045861750299,0.09395308965314063,25.49689499059091,FY23,0.146322001213903,0.4751482362328826
CHAMBLFERT,500085,Q2FY24,1.1016928503082328,-0.11647936444950253,25.38029476247051,FY24,0.1754026575743619,0.2576362299014924
CHAMBLFERT,500085,Q2FY25,1.7046221745871417,1.0650526648050203,26.049454025601563,FY25,0.18899017188319917,0.011315281129053325
CHAMBLFERT,500085,Q2FY26,1.1735758307624198,0.07805213346737931,26.033763088552632,FY26,0.18899017188319917,0.011315281129053325
CHAMBLFERT,500085,Q3FY22,0.4840278103330311,0.7678111858372458,25.688760397654157,FY22,0.18899017188319917,0.011315281129053325
CHAMBLFERT,500085,Q3FY23,1.2163246697987276,-0.16212415928643054,25.46751152071277,FY23,0.146322001213903,0.4751482362328826
CHAMBLFERT,500085,Q3FY24,1.3497420161402864,0.16661121710967308,25.694539757399603,FY24,0.1754026575743619,0.2576362299014924
CHAMBLFERT,500085,Q3FY25,1.6638204271020314,0.719680969354353,25.990876927660672,FY25,0.18899017188319917,0.011315281129053325
CHAMBLFERT,500085,Q3FY26,1.1429538140389792,-0.06065871630511233,25.986756093427342,FY26,0.18899017188319917,0.011315281129053325
CHAMBLFERT,500085,Q4FY21,0.12013104665044937,0.07266746727349185,25.130896556717612,FY21,0.18899017188319917,0.011315281129053325
CHAMBLFERT,500085,Q4FY22,0.8978525601606588,0.6602342137882654,25.766738819520814,FY22,0.18899017188319917,0.011315281129053325
CHAMBLFERT,500085,Q4FY23,1.2494815196262796,-0.2606021277709671,25.321550220504665,FY23,0.146322001213903,0.4751482362328826
CHAMBLFERT,500085,Q4FY24,1.3558556089120275,0.22594329683317635,25.606700231869965,FY24,0.1754026575743619,0.2576362299014924
CHAMBLFERT,500085,Q4FY25,1.7703870970110331,0.5549389702401614,26.226993948708603,FY25,0.18899017188319917,0.011315281129053325
CHAMBLFERT,500085,Q4FY26,0.8508625944195551,-0.1279380511319387,25.864685738157444,FY26,0.18899017188319917,0.011315281129053325
CHOLAFIN,511243,Q1FY22,1.4329997339533058,0.3302403175116029,26.793536187457168,FY22,,
CHOLAFIN,511243,Q1FY23,1.2932429055034667,0.252868951247151,26.985020185008295,FY23,0.185754316504137,6.797972271209597
CHOLAFIN,511243,Q1FY24,1.0770252326517455,0.6732289877976769,27.5993199081692,FY24,0.17455306013706767,6.882362488286777
CHOLAFIN,511243,Q1FY25,0.9869789027744511,0.19212767216313478,27.821392952323254,FY25,0.18009953233575665,7.418860950901803
CHOLAFIN,511243,Q1FY26,1.2691807030148652,0.271487151324168,27.957050680259808,FY26,0.18009953233575665,7.418860950901803
CHOLAFIN,511243,Q2FY22,1.4683963547516905,0.3526503364833061,26.88969965664696,FY22,0.18009953233575665,7.418860950901803
CHOLAFIN,511243,Q2FY23,1.2411130902856629,0.4915301809785426,27.15320287035779,FY23,0.185754316504137,6.797972271209597
CHOLAFIN,511243,Q2FY24,1.0316523753364453,0.40027443137962443,27.663990806940433,FY24,0.17455306013706767,6.882362488286777
CHOLAFIN,511243,Q2FY25,1.0102145311990136,0.43364088433237025,27.94374849155017,FY25,0.18009953233575665,7.418860950901803
CHOLAFIN,511243,Q2FY26,1.3357893703978845,0.008327924095736627,27.946879398996536,FY26,0.18009953233575665,7.418860950901803
CHOLAFIN,511243,Q3FY22,1.4811794884561191,0.3834119041141552,26.808800020242067,FY22,0.18009953233575665,7.418860950901803
CHOLAFIN,511243,Q3FY23,1.1679730767693868,0.3418709529521696,27.14042006894708,FY23,0.185754316504137,6.797972271209597
CHOLAFIN,511243,Q3FY24,0.9861012193782138,0.5652153338286575,27.698103147077834,FY24,0.17455306013706767,6.882362488286777
CHOLAFIN,511243,Q3FY25,1.0338458891529125,0.09699968754788693,27.639301379450007,FY25,0.18009953233575665,7.418860950901803
CHOLAFIN,511243,Q3FY26,1.299524967426501,0.36497007371511714,28.002069888488688,FY26,0.18009953233575665,7.418860950901803
CHOLAFIN,511243,Q4FY21,1.271957781540211,0.2650264316110958,26.878564710623884,FY21,0.18009953233575665,7.418860950901803
CHOLAFIN,511243,Q4FY22,1.3706232089306623,0.31137352153529385,27.13320354963804,FY22,0.18009953233575665,7.418860950901803
CHOLAFIN,511243,Q4FY23,1.1817348760317512,0.1084717192877295,27.19381097001088,FY23,0.185754316504137,6.797972271209597
CHOLAFIN,511243,Q4FY24,0.9553075082990159,0.421809877006589,27.613759010805705,FY24,0.17455306013706767,6.882362488286777
CHOLAFIN,511243,Q4FY25,1.1398846892677064,0.2453397709304434,27.888375868790874,FY25,0.18009953233575665,7.418860950901803
CHOLAFIN,511243,Q4FY26,1.3766891183634429,0.3008014942570238,27.77447597997207,FY26,0.18009953233575665,7.418860950901803
CHOLAHLDNG,504973,Q1FY22,0.7569758284600038,0.1570455548504817,25.5430022082854,FY22,,
CHOLAHLDNG,504973,Q1FY23,0.3089063392833279,-0.03226879520891432,25.43380944667143,FY23,0.08039297054527872,6.05587810859715
CHOLAHLDNG,504973,Q1FY24,0.5895131382079348,0.30241263328908025,25.85002467757716,FY24,0.17306841715218035,13.085094022201327
CHOLAHLDNG,504973,Q1FY25,0.6745321132308656,0.3738390370733168,26.331453448266135,FY25,0.17368049296539909,13.932284375579291
CHOLAHLDNG,504973,Q1FY26,1.107260625546201,0.6689285543400336,26.73071660872641,FY26,0.17368049296539909,13.932284375579291
CHOLAHLDNG,504973,Q2FY22,0.7419120152339864,0.22781871597987918,25.582429897882065,FY22,0.17368049296539909,13.932284375579291
CHOLAHLDNG,504973,Q2FY23,0.34545387410285183,0.011085303627040402,25.53162648290515,FY23,0.08039297054527872,6.05587810859715
CHOLAHLDNG,504973,Q2FY24,0.6847560700693148,0.5162961329412438,26.106286837107284,FY24,0.17306841715218035,13.085094022201327
CHOLAHLDNG,504973,Q2FY25,0.7447394441345565,0.7760939099335502,26.672596327709712,FY25,0.17368049296539909,13.932284375579291
CHOLAHLDNG,504973,Q2FY26,1.1108260125217382,0.05831229979386298,26.592451206769066,FY26,0.17368049296539909,13.932284375579291
CHOLAHLDNG,504973,Q3FY22,0.5976141842410982,0.25607833493255855,25.528552377169937,FY22,0.17368049296539909,13.932284375579291
CHOLAHLDNG,504973,Q3FY23,0.36698683163534584,-0.13069038101523445,25.360048752891974,FY23,0.08039297054527872,6.05587810859715
CHOLAHLDNG,504973,Q3FY24,0.8615850796831772,0.7030864323727023,25.99674790831516,FY24,0.17306841715218035,13.085094022201327
CHOLAHLDNG,504973,Q3FY25,0.6144099466065341,0.5134951285703271,26.293484908135575,FY25,0.17368049296539909,13.932284375579291
CHOLAHLDNG,504973,Q3FY26,1.3146255098934203,0.23728806399232735,26.553451172389433,FY26,0.17368049296539909,13.932284375579291
CHOLAHLDNG,504973,Q4FY21,0.5577338971399383,0.07556479714730507,25.443030004355688,FY21,0.17368049296539909,13.932284375579291
CHOLAHLDNG,504973,Q4FY22,0.42887655248387024,0.0978007634435579,25.475655728041414,FY22,0.17368049296539909,13.932284375579291
CHOLAHLDNG,504973,Q4FY23,0.4947135423049235,-0.11135699647106166,25.34936622775997,FY23,0.08039297054527872,6.05587810859715
CHOLAHLDNG,504973,Q4FY24,0.9335260918749888,0.8147785548640795,26.063189519874772,FY24,0.17306841715218035,13.085094022201327
CHOLAHLDNG,504973,Q4FY25,0.6620993781914863,0.4866000325119963,26.518278463768397,FY25,0.17368049296539909,13.932284375579291
CHOLAHLDNG,504973,Q4FY26,1.3684764010478152,0.12174565407530963,26.26989760634132,FY26,0.17368049296539909,13.932284375579291
COCHINSHIP,540678,Q1FY22,0.6542259453284716,0.03922399206564655,24.540873449162707,FY22,,
COCHINSHIP,540678,Q1FY23,0.5960498318855034,-0.1004900877288066,24.37562862373875,FY23,0.06881965551720662,0.13265029474801782
COCHINSHIP,540678,Q1FY24,0.9821659339778759,0.5923293489928045,25.00590222838823,FY24,0.15655108719746963,0.10037293712413958
COCHINSHIP,540678,Q1FY25,1.348955109602446,6.494531815356933,27.07810007420887,FY25,0.1482867719937713,0.10044467722719444
COCHINSHIP,540678,Q1FY26,1.2855384146828588,0.025154611019177205,27.015237551500753,FY26,0.1482867719937713,0.10044467722719444
COCHINSHIP,540678,Q2FY22,0.6126656786420308,-0.018954579801381398,24.487905664867586,FY22,0.1482867719937713,0.10044467722719444
COCHINSHIP,540678,Q2FY23,0.5682420025634406,0.13049241853430857,24.73163206713285,FY23,0.06881965551720662,0.13265029474801782
COCHINSHIP,540678,Q2FY24,1.4885110303296618,1.6392596778562734,25.66004512935374,FY24,0.15655108719746963,0.10037293712413958
COCHINSHIP,540678,Q2FY25,1.3553631386862852,3.5377014747295497,26.83808575244369,FY25,0.1482867719937713,0.10044467722719444
COCHINSHIP,540678,Q2FY26,1.3423537931358733,-0.1816690992620807,26.873075640654015,FY26,0.1482867719937713,0.10044467722719444
COCHINSHIP,540678,Q3FY22,0.5687564200305517,-0.030706351802872775,24.486742328654902,FY22,0.1482867719937713,0.10044467722719444
COCHINSHIP,540678,Q3FY23,0.7388543404277099,1.0015968151131958,24.934145586416804,FY23,0.06881965551720662,0.13265029474801782
COCHINSHIP,540678,Q3FY24,1.7006674324162685,0.8392462320577158,25.888685761130535,FY24,0.15655108719746963,0.10037293712413958
COCHINSHIP,540678,Q3FY25,1.2846310562407472,1.9209788748364054,26.7180481551685,FY25,0.1482867719937713,0.10044467722719444
COCHINSHIP,540678,Q3FY26,1.4083665340516864,0.17099183544041022,26.775897324910268,FY26,0.1482867719937713,0.10044467722719444
COCHINSHIP,540678,Q4FY21,0.6599256605645039,0.025299888168953764,24.512168249332458,FY21,0.1482867719937713,0.10044467722719444
COCHINSHIP,540678,Q4FY22,0.5555695557658824,-0.12982356463174588,24.317847001537153,FY22,0.1482867719937713,0.10044467722719444
COCHINSHIP,540678,Q4FY23,0.969416252620906,0.5477124755603838,24.832554069476224,FY23,0.06881965551720662,0.13265029474801782
COCHINSHIP,540678,Q4FY24,1.0808218364117237,2.5870746793964012,26.145584745660848,FY24,0.15655108719746963,0.10037293712413958
COCHINSHIP,540678,Q4FY25,1.4695428898987757,0.5569280037939507,26.631819234442485,FY25,0.1482867719937713,0.10044467722719444
COCHINSHIP,540678,Q4FY26,1.3719237591824358,0.21138458521668713,26.472281911689674,FY26,0.1482867719937713,0.10044467722719444
COFORGE,532541,Q1FY22,0.7119854855715475,0.3233565233403314,26.295933770025673,FY22,,
COFORGE,532541,Q1FY23,1.1971584966418587,0.09767571843034532,26.146507223165134,FY23,0.22507704785077048,0.1823844282238443
COFORGE,532541,Q1FY24,1.1815710730539466,0.3396954471102997,26.448255251574174,FY24,0.22279821320244858,0.20018750344675454
COFORGE,532541,Q1FY25,0.868699364229875,0.2407716703478764,26.61044677440552,FY25,0.1273043641835967,0.16779533483822423
COFORGE,532541,Q1FY26,1.0842335252441626,0.6920635021018003,27.187589640299784,FY26,0.1273043641835967,0.16779533483822423
COFORGE,532541,Q2FY22,0.6853406824132139,0.9260413560631159,26.53035543455577,FY22,0.1273043641835967,0.16779533483822423
COFORGE,532541,Q2FY23,1.216862164731166,-0.28675680516923296,26.098508345947504,FY23,0.22507704785077048,0.1823844282238443
COFORGE,532541,Q2FY24,1.0880091140919217,0.4562680442574188,26.532406102815433,FY24,0.22279821320244858,0.20018750344675454
COFORGE,532541,Q2FY25,0.8709909679987651,0.3075171194481201,26.864502313890807,FY25,0.1273043641835967,0.16779533483822423
COFORGE,532541,Q2FY26,1.2198548136292802,0.4648292991208105,26.9995752268707,FY26,0.1273043641835967,0.16779533483822423
COFORGE,532541,Q3FY22,0.8134626271377909,1.0071658590427015,26.649682265631068,FY22,0.1273043641835967,0.16779533483822423
COFORGE,532541,Q3FY23,1.245860910510653,-0.20822852399094532,26.246271596362416,FY23,0.22507704785077048,0.1823844282238443
COFORGE,532541,Q3FY24,1.151133205038775,0.5207144865262657,26.742558268099522,FY24,0.22279821320244858,0.20018750344675454
COFORGE,532541,Q3FY25,0.6736181855142899,0.5411440617574205,27.187156647853396,FY25,0.1273043641835967,0.16779533483822423
COFORGE,532541,Q3FY26,1.5681398325964744,0.11416644280316816,27.04605086830859,FY26,0.1273043641835967,0.16779533483822423
COFORGE,532541,Q4FY21,0.8985664324669785,-0.06619529163128492,25.941160832636807,FY21,0.1273043641835967,0.16779533483822423
COFORGE,532541,Q4FY22,0.9122638258735625,0.8575374439541986,26.373727427257986,FY22,0.1273043641835967,0.16779533483822423
COFORGE,532541,Q4FY23,1.354874784343489,-0.016918605303618505,26.232379352392304,FY23,0.22507704785077048,0.1823844282238443
COFORGE,532541,Q4FY24,1.1002751998215263,0.6270969668765131,26.614235280420424,FY24,0.22279821320244858,0.20018750344675454
COFORGE,532541,Q4FY25,0.7648146525578332,0.16117709945582848,27.014031606921534,FY25,0.1273043641835967,0.16779533483822423
COFORGE,532541,Q4FY26,1.2935919494887411,-0.20420797402098753,26.648399417651206,FY26,0.1273043641835967,0.16779533483822423
COLPAL,500830,Q1FY22,0.23898042029500743,0.10004383633208708,26.748433498832842,FY22,,
COLPAL,500830,Q1FY23,0.3945413439536199,-0.011344718012898616,26.64832001691601,FY23,0.6100886031176118,0.040178356327309685
COLPAL,500830,Q1FY24,0.4235279442330948,0.037525569667429724,26.79932857291176,FY24,0.7061930472267868,0.038279732815467676
COLPAL,500830,Q1FY25,0.3302418377181591,0.7060445065725603,27.344509685506793,FY25,0.8632237288746568,0.03655217576766178
COLPAL,500830,Q1FY26,0.5731730132639925,-0.06768077849252684,27.196680219912146,FY26,0.8632237288746568,0.03655217576766178
COLPAL,500830,Q2FY22,0.20949099304475519,0.0868853817121564,26.738717298310274,FY22,0.8632237288746568,0.03655217576766178
COLPAL,500830,Q2FY23,0.43060585720779837,0.04058211577418289,26.739872206237962,FY23,0.6100886031176118,0.040178356327309685
COLPAL,500830,Q2FY24,0.3605573548961441,0.25095230658655565,26.971643240276908,FY24,0.7061930472267868,0.038279732815467676
COLPAL,500830,Q2FY25,0.35432950713774164,0.8673238779411698,27.635781738115202,FY25,0.8632237288746568,0.03655217576766178
COLPAL,500830,Q2FY26,0.6172618166241859,-0.320795452737744,27.116845140833394,FY26,0.8632237288746568,0.03655217576766178
COLPAL,500830,Q3FY22,0.24551259966416467,-0.06391490054936051,26.631506692386136,FY22,0.8632237288746568,0.03655217576766178
COLPAL,500830,Q3FY23,0.45774235680375874,0.12930055834858603,26.692179377391124,FY23,0.6100886031176118,0.040178356327309685
COLPAL,500830,Q3FY24,0.4036883440947432,0.43125009547078347,27.214332221986727,FY24,0.7061930472267868,0.038279732815467676
COLPAL,500830,Q3FY25,0.407513056366281,0.3531705169972168,27.29351499079954,FY25,0.8632237288746568,0.03655217576766178
COLPAL,500830,Q3FY26,0.6264545469852145,-0.25495532449778924,27.05931350833816,FY26,0.8632237288746568,0.03655217576766178
COLPAL,500830,Q4FY21,0.20885551189486223,0.0017421642122197795,26.670462196867685,FY21,0.8632237288746568,0.03655217576766178
COLPAL,500830,Q4FY22,0.42961981577629504,-0.03760061547415272,26.671828953107042,FY22,0.8632237288746568,0.03655217576766178
COLPAL,500830,Q4FY23,0.3380022659825792,0.05401839726112376,26.673155599663083,FY23,0.6100886031176118,0.040178356327309685
COLPAL,500830,Q4FY24,0.6642756628824876,0.7694566544342726,27.283309218560262,FY24,0.7061930472267868,0.038279732815467676
COLPAL,500830,Q4FY25,0.34007859419163144,0.014946643244591176,27.17866540147341,FY25,0.8632237288746568,0.03655217576766178
COLPAL,500830,Q4FY26,0.7789686138574399,-0.05311030883002379,26.91050415739007,FY26,0.8632237288746568,0.03655217576766178
CONCOR,531344,Q1FY22,0.7845661020470845,0.7182700585201435,26.934933480250507,FY22,,
CONCOR,531344,Q1FY23,0.7951870769765086,-0.011232246914576714,26.783109500033852,FY23,0.10457150135975465,0.0689061123487813
CONCOR,531344,Q1FY24,0.9413448929039862,0.09087470016925106,26.904643352480992,FY24,0.1054367641537832,0.07732452149913922
CONCOR,531344,Q1FY25,1.8347956764853062,0.7375471991209042,27.370224411441992,FY25,0.10409775617337053,0.06762497182999615
CONCOR,531344,Q1FY26,1.1682473741064834,-0.4236532082156818,26.846176633320347,FY26,0.10409775617337053,0.06762497182999615
CONCOR,531344,Q2FY22,0.8324117272123737,0.6845560448241736,26.945680257973656,FY22,0.10409775617337053,0.06762497182999615
CONCOR,531344,Q2FY23,0.8041333524580548,0.07331933298905736,26.968754875553707,FY23,0.10457150135975465,0.0689061123487813
CONCOR,531344,Q2FY24,0.9568351182473951,0.007697473535905505,26.98829589611061,FY24,0.1054367641537832,0.07732452149913922
CONCOR,531344,Q2FY25,1.7252086824909525,0.4895908682468769,27.247254882476433,FY25,0.10409775617337053,0.06762497182999615
CONCOR,531344,Q2FY26,1.184683711047,-0.443038070709549,26.704144619217182,FY26,0.10409775617337053,0.06762497182999615
CONCOR,531344,Q3FY22,0.8638925346357706,0.5959002808895829,26.81417446309394,FY22,0.10409775617337053,0.06762497182999615
CONCOR,531344,Q3FY23,0.7866161406465502,0.28889359911875784,27.009474360517476,FY23,0.10457150135975465,0.0689061123487813
CONCOR,531344,Q3FY24,0.9806162218645839,0.0588523040808375,27.17404315417814,FY24,0.1054367641537832,0.07732452149913922
CONCOR,531344,Q3FY25,1.7401676830230866,0.11471217158065174,27.09751556240197,FY25,0.10409775617337053,0.06762497182999615
CONCOR,531344,Q3FY26,1.225766439433487,-0.35683404930118623,26.707563036736005,FY26,0.10409775617337053,0.06762497182999615
CONCOR,531344,Q4FY21,0.8400833593120016,0.3828700455095684,26.779803780181506,FY21,0.10409775617337053,0.06762497182999615
CONCOR,531344,Q4FY22,0.8952673858119855,0.10146926864526415,26.906207222079686,FY22,0.10409775617337053,0.06762497182999615
CONCOR,531344,Q4FY23,0.7491893991133078,0.023236771459797488,26.773139095858575,FY23,0.10457150135975465,0.0689061123487813
CONCOR,531344,Q4FY24,1.182477757951182,0.606809141857157,27.203248854334703,FY24,0.1054367641537832,0.07732452149913922
CONCOR,531344,Q4FY25,1.7455176974715154,-0.45214695371098607,26.74963934383612,FY25,0.10409775617337053,0.06762497182999615
CONCOR,531344,Q4FY26,1.1871915393925034,-0.06199060900805782,26.50375036382872,FY26,0.10409775617337053,0.06762497182999615
CRAFTSMAN,543276,Q1FY22,0.9458597745205388,0.21844516759414126,24.461532296229542,FY22,,
CRAFTSMAN,543276,Q1FY23,0.9200372180931438,0.45470404109280765,24.712499011598727,FY23,0.18039799549713123,0.9007407945384559
CRAFTSMAN,543276,Q1FY24,0.7552325084542094,0.6874299379551333,25.284806414948605,FY24,0.1836391271306047,1.0584084247095864
CRAFTSMAN,543276,Q1FY25,0.6626863792396125,0.1800974632806114,25.606715788114375,FY25,0.06810910338357709,0.8254793925943558
CRAFTSMAN,543276,Q1FY26,0.8042836813961032,0.2653443683619351,25.611926388974478,FY26,0.06810910338357709,0.8254793925943558
CRAFTSMAN,543276,Q2FY22,0.9096135677084952,0.34442060986919376,24.63407605582635,FY22,0.06810910338357709,0.8254793925943558
CRAFTSMAN,543276,Q2FY23,0.8939044280719115,0.3759436157778654,24.907848518273937,FY23,0.18039799549713123,0.9007407945384559
CRAFTSMAN,543276,Q2FY24,0.7030439150480112,0.8423136333497021,25.425617413078733,FY24,0.1836391271306047,1.0584084247095864
CRAFTSMAN,543276,Q2FY25,0.7105816990990734,0.25982990349249213,25.762328446751543,FY25,0.06810910338357709,0.8254793925943558
CRAFTSMAN,543276,Q2FY26,0.7861077790909035,0.14801927383473962,25.811250387618983,FY26,0.06810910338357709,0.8254793925943558
CRAFTSMAN,543276,Q3FY22,0.9572111144715253,0.5912163534436701,24.703291661534312,FY22,0.06810910338357709,0.8254793925943558
CRAFTSMAN,543276,Q3FY23,0.8698559491550371,0.39445283416374227,25.14000977858065,FY23,0.18039799549713123,0.9007407945384559
CRAFTSMAN,543276,Q3FY24,0.744227403396665,0.6131205847650869,25.579439704799558,FY24,0.1836391271306047,1.0584084247095864
CRAFTSMAN,543276,Q3FY25,0.8187120096269016,-0.025205567701673256,25.578077491293843,FY25,0.06810910338357709,0.8254793925943558
CRAFTSMAN,543276,Q3FY26,0.6736603697670704,0.3837243208235735,25.935139876834583,FY26,0.06810910338357709,0.8254793925943558
CRAFTSMAN,543276,Q4FY21,,,24.237775969292482,FY21,0.06810910338357709,0.8254793925943558
CRAFTSMAN,543276,Q4FY22,1.0041476268686726,0.39126497666273946,24.745489817946474,FY22,0.06810910338357709,0.8254793925943558
CRAFTSMAN,543276,Q4FY23,0.82999065432121,0.6792439590623421,25.069375830717483,FY23,0.18039799549713123,0.9007407945384559
CRAFTSMAN,543276,Q4FY24,0.7610580830294305,0.29043931682414936,25.353958183858115,FY24,0.1836391271306047,1.0584084247095864
CRAFTSMAN,543276,Q4FY25,0.740515419254792,-0.08173914181940865,25.4790333573565,FY25,0.06810910338357709,0.8254793925943558
CRAFTSMAN,543276,Q4FY26,0.9821376192687923,0.981756948050597,25.837903139893843,FY26,0.06810910338357709,0.8254793925943558
CREDITACC,541770,Q1FY22,0.9917898948059294,-0.1791403433231233,25.50335918891417,FY22,,
CREDITACC,541770,Q1FY23,1.149582838111127,0.6368217034242877,25.806717701797314,FY23,0.16175148865178374,3.194117059626354
CREDITACC,541770,Q1FY24,0.5237854889207972,0.31196497349572444,26.012303018332013,FY24,0.22008133966922275,3.3243647621453944
CREDITACC,541770,Q1FY25,0.46380410112814385,0.11803960470562369,26.070262596442934,FY25,0.07639480906329384,2.939312561727552
CREDITACC,541770,Q1FY26,1.246635313450637,-0.17291599972229946,25.989311913076108,FY26,0.07639480906329384,2.939312561727552
CREDITACC,541770,Q2FY22,0.999636607943277,-0.08687171393227883,25.33919184842252,FY22,0.07639480906329384,2.939312561727552
CREDITACC,541770,Q2FY23,1.0789205624955978,0.4926325614672776,25.785123732747707,FY23,0.16175148865178374,3.194117059626354
CREDITACC,541770,Q2FY24,0.5059793983845808,0.39543608828536614,26.065258021508697,FY24,0.22008133966922275,3.3243647621453944
CREDITACC,541770,Q2FY25,0.599211322734758,-0.10063757468431554,25.97925909219373,FY25,0.07639480906329384,2.939312561727552
CREDITACC,541770,Q2FY26,1.2747974468295098,0.1578512442478933,26.101411680297236,FY26,0.07639480906329384,2.939312561727552
CREDITACC,541770,Q3FY22,0.8844495375612335,-0.3245984875068022,25.276625773422257,FY22,0.07639480906329384,2.939312561727552
CREDITACC,541770,Q3FY23,1.1254983254739748,0.7300675621830442,25.702537816317616,FY23,0.16175148865178374,3.194117059626354
CREDITACC,541770,Q3FY24,0.2788679814840369,0.7537057357301824,26.258886301336798,FY24,0.22008133966922275,3.3243647621453944
CREDITACC,541770,Q3FY25,0.7358549044686538,-0.4423574688655459,25.67852179120799,FY25,0.07639480906329384,2.939312561727552
CREDITACC,541770,Q3FY26,1.2864642371199646,0.3810820184783194,26.04078707539492,FY26,0.07639480906329384,2.939312561727552
CREDITACC,541770,Q4FY21,0.7843928822368648,-0.11411662451251552,25.39168247095581,FY21,0.07639480906329384,2.939312561727552
CREDITACC,541770,Q4FY22,1.0553601639259078,0.10044022068175221,25.62816933789232,FY22,0.07639480906329384,2.939312561727552
CREDITACC,541770,Q4FY23,1.0533982703057847,0.3776144098391265,25.70242859085609,FY23,0.16175148865178374,3.194117059626354
CREDITACC,541770,Q4FY24,0.16596595778984818,0.5771131340432823,26.156656086223027,FY24,0.22008133966922275,3.3243647621453944
CREDITACC,541770,Q4FY25,1.1750108062939033,-0.4174950054295244,25.749696804701006,FY25,0.07639480906329384,2.939312561727552
CREDITACC,541770,Q4FY26,0.9378183898731667,0.35663102680158987,25.945633937607074,FY26,0.07639480906329384,2.939312561727552
CRISIL,500092,Q1FY22,0.2849333791829,0.029606995862255504,25.88156525168075,FY22,,
CRISIL,500092,Q1FY23,0.655038026869197,0.8535600089698022,26.153705693506154,FY23,0.3149532918894184,0.046574180515407536
CRISIL,500092,Q1FY24,0.19229883138552714,0.08343680469269205,26.340470924818035,FY24,0.30075916062961916,0.021614609502754355
CRISIL,500092,Q1FY25,0.2110044378882978,0.189520560682653,26.438021675971996,FY25,0.2667126737938725,0.09747272713094876
CRISIL,500092,Q1FY26,0.4332435772842663,0.23170762538693812,26.80301227127126,FY26,0.25252188934015507,0.09784600981064402
CRISIL,500092,Q2FY22,0.26579092546634786,0.4449956435198161,25.952336671607203,FY22,0.25252188934015507,0.09784600981064402
CRISIL,500092,Q2FY23,0.6260534088119063,0.21079615855620712,26.149491957847285,FY23,0.3149532918894184,0.046574180515407536
CRISIL,500092,Q2FY24,0.2776251119447072,0.14733702554274952,26.347949804384974,FY24,0.30075916062961916,0.021614609502754355
CRISIL,500092,Q2FY25,0.162184565503688,0.18303806705314662,26.532033600233383,FY25,0.2667126737938725,0.09747272713094876
CRISIL,500092,Q2FY26,0.5968871601241077,0.1355861481089672,26.49479693690264,FY26,0.25252188934015507,0.09784600981064402
CRISIL,500092,Q3FY22,0.3346964119657746,0.6457491607606938,26.0144390398698,FY22,0.25252188934015507,0.09784600981064402
CRISIL,500092,Q3FY23,0.5669919265694877,-0.055391462396357824,26.09052791929263,FY23,0.3149532918894184,0.046574180515407536
CRISIL,500092,Q3FY24,0.3172901203613832,0.45856465156814163,26.450519052021754,FY24,0.30075916062961916,0.021614609502754355
CRISIL,500092,Q3FY25,0.07678730008361533,0.28587381417885394,26.890451540408574,FY25,0.2667126737938725,0.09747272713094876
CRISIL,500092,Q3FY26,0.8228496527252022,-0.15273347589893246,26.471763709538806,FY26,0.25252188934015507,0.09784600981064402
CRISIL,500092,Q4FY21,0.34816700103815507,0.016340500206106365,25.55519381960116,FY21,0.25252188934015507,0.09784600981064402
CRISIL,500092,Q4FY22,0.5579519039253961,0.5174417340675486,26.15516088226973,FY22,0.25252188934015507,0.09784600981064402
CRISIL,500092,Q4FY23,0.3266523016065098,0.2542344041361329,26.14575085582591,FY23,0.3149532918894184,0.046574180515407536
CRISIL,500092,Q4FY24,0.5683329835556885,0.5736376413697328,26.611979212381243,FY24,0.30075916062961916,0.021614609502754355
CRISIL,500092,Q4FY25,0.0785630928366288,-0.09928598954142424,26.42541674743415,FY25,0.2667126737938725,0.09747272713094876
CRISIL,500092,Q4FY26,0.7722465280058913,-0.05691191607743448,26.332876055746723,FY26,0.25252188934015507,0.09784600981064402
CUB,532210,Q1FY22,0.7951871132961206,-0.07425889639271531,25.508271006608265,FY22,,
CUB,532210,Q1FY23,1.0063313222607175,-0.1791708142318065,25.284707550731916,FY23,0.1257145064785756,0.6286660526211263
CUB,532210,Q1FY24,1.1967423832257402,-0.0021910950580105114,25.246690449042763,FY24,0.12089974190707857,0.40137894357646076
CUB,532210,Q1FY25,1.290291571591332,0.030784043895654326,25.52618380904924,FY25,0.11869353922962048,0.1891288051660101
CUB,532210,Q1FY26,0.742689194580372,0.3635148339268782,25.804639463277415,FY26,0.11869353922962048,0.1891288051660101
CUB,532210,Q2FY22,0.7938041480045959,-0.15643367928578655,25.454359911462326,FY22,0.11869353922962048,0.1891288051660101
CUB,532210,Q2FY23,1.002456512843804,0.26024896415751747,25.559773787073365,FY23,0.1257145064785756,0.6286660526211263
CUB,532210,Q2FY24,1.2851776750946708,-0.29355076971161526,25.249533127771507,FY24,0.12089974190707857,0.40137894357646076
CUB,532210,Q2FY25,1.1994229117781654,0.4137418811712065,25.516332224661493,FY25,0.11869353922962048,0.1891288051660101
CUB,532210,Q2FY26,0.7565903870752249,0.17163203621887227,25.790983726547193,FY26,0.11869353922962048,0.1891288051660101
CUB,532210,Q3FY22,0.8157123859317215,-0.19145498107845543,25.296661247696257,FY22,0.11869353922962048,0.1891288051660101
CUB,532210,Q3FY23,1.104223191948536,0.28884980684222283,25.595320412383607,FY23,0.1257145064785756,0.6286660526211263
CUB,532210,Q3FY24,1.2992614000991654,-0.19588979200496645,25.411657388877945,FY24,0.12089974190707857,0.40137894357646076
CUB,532210,Q3FY25,0.9725369776198916,0.20549545301713038,25.56630403229508,FY25,0.11869353922962048,0.1891288051660101
CUB,532210,Q3FY26,0.8766094080815274,0.5939272745901868,26.09890591403142,FY26,0.11869353922962048,0.1891288051660101
CUB,532210,Q4FY21,0.6551463513811309,-0.0839570356539028,25.440415369557456,FY21,0.11869353922962048,0.1891288051660101
CUB,532210,Q4FY22,0.9242251287619498,-0.21538194010466052,25.2530193698458,FY22,0.11869353922962048,0.1891288051660101
CUB,532210,Q4FY23,1.134823257712573,0.07738347674215121,25.235234558692028,FY23,0.1257145064785756,0.6286660526211263
CUB,532210,Q4FY24,1.2461477260173992,-0.014697711644115307,25.314096278307563,FY24,0.12089974190707857,0.40137894357646076
CUB,532210,Q4FY25,1.0000416866709332,0.10114684530263755,25.474284371167478,FY25,0.11869353922962048,0.1891288051660101
CUB,532210,Q4FY26,1.0810866365421548,0.8552345681832857,25.90628396374476,FY26,0.11869353922962048,0.1891288051660101
DALBHARAT,542216,Q1FY22,0.848253137794015,0.658565603220601,26.572467256253564,FY22,,
DALBHARAT,542216,Q1FY23,1.135281202415159,-0.24997906352913357,26.191518787704606,FY23,0.06622728436140261,0.24667263885334015
DALBHARAT,542216,Q1FY24,1.1841079668320682,0.6605715228086896,26.71936825996293,FY24,0.05037506861011161,0.29304141001402695
DALBHARAT,542216,Q1FY25,1.2281560546328607,-0.13569141771857685,26.5460885220181,FY25,0.0393116150569817,0.3281915505928399
DALBHARAT,542216,Q1FY26,0.873416431589632,0.13042032216371283,26.74742609069941,FY26,0.0393116150569817,0.3281915505928399
DALBHARAT,542216,Q2FY22,0.8276115551279389,1.009867455594854,26.680552726216586,FY22,0.0393116150569817,0.3281915505928399
DALBHARAT,542216,Q2FY23,1.189962425971648,-0.24569070143378394,26.410564043829396,FY23,0.06622728436140261,0.24667263885334015
DALBHARAT,542216,Q2FY24,1.18593326963788,0.34782694467364383,26.823673518575312,FY24,0.05037506861011161,0.29304141001402695
DALBHARAT,542216,Q2FY25,1.1473958197471574,0.0008220251497688273,26.610034121467812,FY25,0.0393116150569817,0.3281915505928399
DALBHARAT,542216,Q2FY26,0.8500937586601911,0.32535496084587245,26.756265206894174,FY26,0.0393116150569817,0.3281915505928399
DALBHARAT,542216,Q3FY22,0.8851021956880426,0.6930996453608775,26.55184327401777,FY22,0.0393116150569817,0.3281915505928399
DALBHARAT,542216,Q3FY23,1.2550826067926697,0.013193689527440131,26.56619971055724,FY23,0.06622728436140261,0.24667263885334015
DALBHARAT,542216,Q3FY24,1.2146620488160882,0.2910064501761688,26.770274990503363,FY24,0.05037506861011161,0.29304141001402695
DALBHARAT,542216,Q3FY25,1.0717887543961226,-0.16982073723540997,26.522490983171906,FY25,0.0393116150569817,0.3281915505928399
DALBHARAT,542216,Q3FY26,0.8028610914120193,0.10509243976959294,26.71394074970201,FY26,0.0393116150569817,0.3281915505928399
DALBHARAT,542216,Q4FY21,0.7058156807009704,0.3121518688279944,26.398386892195113,FY21,0.0393116150569817,0.3281915505928399
DALBHARAT,542216,Q4FY22,1.217513919957899,0.10183406567637375,26.34032067656257,FY22,0.0393116150569817,0.3281915505928399
DALBHARAT,542216,Q4FY23,1.1351740814079387,0.11563366723477501,26.621263765016625,FY23,0.06622728436140261,0.24667263885334015
DALBHARAT,542216,Q4FY24,1.3265744159083361,0.10516751659718901,26.612002684224247,FY24,0.05037506861011161,0.29304141001402695
DALBHARAT,542216,Q4FY25,1.00584125709967,-0.16738157342259896,26.552754060632385,FY25,0.0393116150569817,0.3281915505928399
DALBHARAT,542216,Q4FY26,0.9296118256567445,0.1514275557379211,26.533560167471176,FY26,0.0393116150569817,0.3281915505928399
DEEPAKFERT,500645,Q1FY22,0.9522263111737468,0.806502482109602,24.570499127758612,FY22,,
DEEPAKFERT,500645,Q1FY23,1.0800526910836723,1.3772666949675727,24.99923294895878,FY23,0.2388198144858891,0.7299940793368858
DEEPAKFERT,500645,Q1FY24,1.0850634101782297,-0.09500667836908136,24.953649585563735,FY24,0.08171249054921895,0.7486371928608935
DEEPAKFERT,500645,Q1FY25,0.9257976625750312,0.02267994994530314,25.156547199148083,FY25,0.1496948667707829,0.6658045543900382
DEEPAKFERT,500645,Q1FY26,1.0942530683998828,1.6727907177360857,26.089269447954358,FY26,0.1496948667707829,0.6658045543900382
DEEPAKFERT,500645,Q2FY22,0.9317537802083524,1.6309178004177574,24.621100997191874,FY22,0.1496948667707829,0.6658045543900382
DEEPAKFERT,500645,Q2FY23,1.1572283010128037,1.1596608962701989,25.399517165617752,FY23,0.2388198144858891,0.7299940793368858
DEEPAKFERT,500645,Q2FY24,0.9101493138497633,-0.35133756557874496,25.11061770975152,FY24,0.08171249054921895,0.7486371928608935
DEEPAKFERT,500645,Q2FY25,0.9450028630477462,0.9585339143105055,25.618914363536568,FY25,0.1496948667707829,0.6658045543900382
DEEPAKFERT,500645,Q2FY26,1.1829838558312162,0.31849183546072185,25.96816445429295,FY26,0.1496948667707829,0.6658045543900382
DEEPAKFERT,500645,Q3FY22,1.0225976998308457,1.389758421492582,24.531665171799393,FY22,0.1496948667707829,0.6658045543900382
DEEPAKFERT,500645,Q3FY23,1.0804232389326902,1.2160693719219975,25.193814629320016,FY23,0.2388198144858891,0.7299940793368858
DEEPAKFERT,500645,Q3FY24,1.0859232512009576,-0.21207365150010607,25.15979063233217,FY24,0.08171249054921895,0.7486371928608935
DEEPAKFERT,500645,Q3FY25,0.8814242878689597,1.3122133574930146,25.733656493529615,FY25,0.1496948667707829,0.6658045543900382
DEEPAKFERT,500645,Q3FY26,1.3013953510239582,0.046756840708214384,25.813825071513023,FY26,0.1496948667707829,0.6658045543900382
DEEPAKFERT,500645,Q4FY21,0.6150369009087941,0.16635097431529497,24.017461449266293,FY21,0.1496948667707829,0.6658045543900382
DEEPAKFERT,500645,Q4FY22,1.3043051164104944,2.7572098603182513,24.941772690501953,FY22,0.1496948667707829,0.6658045543900382
DEEPAKFERT,500645,Q4FY23,0.9562109050928127,0.15615653685196906,24.928454804823584,FY23,0.2388198144858891,0.7299940793368858
DEEPAKFERT,500645,Q4FY24,0.9987012750334909,-0.15239853896312425,24.861355276755624,FY24,0.08171249054921895,0.7486371928608935
DEEPAKFERT,500645,Q4FY25,1.1151733001905828,1.082984543292024,25.664227775537775,FY25,0.1496948667707829,0.6658045543900382
DEEPAKFERT,500645,Q4FY26,1.3417011917293256,0.03162190216289582,25.46602328000344,FY26,0.1496948667707829,0.6658045543900382
DEEPAKNTR,506401,Q1FY22,0.8653110093247582,0.782001312368951,26.214209051497985,FY22,,
DEEPAKNTR,506401,Q1FY23,1.31143123517209,0.14341453978224897,26.176310463757826,FY23,0.20831499574567966,0.01781435515261763
DEEPAKNTR,506401,Q1FY24,1.0230441132844565,0.127963016338959,26.4048125042432,FY24,0.16905445918167375,0.059641997906859416
DEEPAKNTR,506401,Q1FY25,0.9670896635967131,0.15746780465728138,26.549175203007582,FY25,0.12938999790300762,0.23512480816231093
DEEPAKNTR,506401,Q1FY26,1.218697050497711,-0.14065585170595432,26.321353014079538,FY26,0.12938999790300762,0.23512480816231093
DEEPAKNTR,506401,Q2FY22,0.8868689648681651,1.318198685619754,26.502690612624363,FY22,0.12938999790300762,0.23512480816231093
DEEPAKNTR,506401,Q2FY23,1.308017443265231,-0.03512832148918353,26.339345908708772,FY23,0.20831499574567966,0.01781435515261763
DEEPAKNTR,506401,Q2FY24,0.9427945316946915,0.11872210137907503,26.383733179739934,FY24,0.16905445918167375,0.059641997906859416
DEEPAKNTR,506401,Q2FY25,0.9815521916253713,0.4629673799911694,26.70183282610002,FY25,0.12938999790300762,0.23512480816231093
DEEPAKNTR,506401,Q2FY26,1.1814053900088533,-0.37403405570851134,26.245905524623222,FY26,0.12938999790300762,0.23512480816231093
DEEPAKNTR,506401,Q3FY22,1.1101192191767852,1.2532288801621088,26.536859531374546,FY22,0.12938999790300762,0.23512480816231093
DEEPAKNTR,506401,Q3FY23,1.2492841413337534,0.032475299929428096,26.31412888839774,FY23,0.20831499574567966,0.01781435515261763
DEEPAKNTR,506401,Q3FY24,0.9629295824324237,0.04332296444015271,26.540847119617847,FY24,0.16905445918167375,0.059641997906859416
DEEPAKNTR,506401,Q3FY25,0.9813734999440705,0.2909999896717935,26.54868488370852,FY25,0.12938999790300762,0.23512480816231093
DEEPAKNTR,506401,Q3FY26,1.1545412317753012,-0.42826726504370416,26.187910118772,FY26,0.12938999790300762,0.23512480816231093
DEEPAKNTR,506401,Q4FY21,0.9032070146002892,0.38548374120687656,26.12639057135269,FY21,0.12938999790300762,0.23512480816231093
DEEPAKNTR,506401,Q4FY22,1.3811633341014642,0.5837265129657541,26.432645147318237,FY22,0.12938999790300762,0.23512480816231093
DEEPAKNTR,506401,Q4FY23,0.9824012023999018,-0.10339940330113394,26.239536310750612,FY23,0.20831499574567966,0.01781435515261763
DEEPAKNTR,506401,Q4FY24,1.0893227920976647,0.2749080097090218,26.38611195988822,FY24,0.16905445918167375,0.059641997906859416
DEEPAKNTR,506401,Q4FY25,0.9974830902725726,-0.18174366283586654,26.31959008999248,FY25,0.12938999790300762,0.23512480816231093
DEEPAKNTR,506401,Q4FY26,1.0005581920471434,-0.16375116541097617,25.890965116320793,FY26,0.12938999790300762,0.23512480816231093
DELHIVERY,543529,Q1FY22,,,,FY22,,
DELHIVERY,543529,Q1FY23,,,26.661728988649266,FY23,-0.10981409561609465,0.10062430145697945
DELHIVERY,543529,Q1FY24,0.7428547766083614,-0.31623261433275696,26.376543132365647,FY24,-0.027249387237078395,0.127871543633291
DELHIVERY,543529,Q1FY25,0.9681046631904631,0.10229757459548545,26.425452025848752,FY25,0.017186959793158527,0.15071864307515856
DELHIVERY,543529,Q1FY26,0.7879607278206366,-0.1159402661853188,26.38112519197877,FY26,0.017186959793158527,0.15071864307515856
DELHIVERY,543529,Q2FY22,,,,FY22,0.017186959793158527,0.15071864307515856
DELHIVERY,543529,Q2FY23,0.878605933456384,0.06255253165896536,26.801628251224063,FY23,-0.10981409561609465,0.10062430145697945
DELHIVERY,543529,Q2FY24,0.849834954257728,-0.2325249585144867,26.456333530625766,FY24,-0.027249387237078395,0.127871543633291
DELHIVERY,543529,Q2FY25,0.9079431132132978,-0.001428926202041737,26.485701733213183,FY25,0.017186959793158527,0.15071864307515856
DELHIVERY,543529,Q2FY26,0.8417584840606624,0.10059237208743015,26.54297122486814,FY26,0.017186959793158527,0.15071864307515856
DELHIVERY,543529,Q3FY22,,,,FY22,0.017186959793158527,0.15071864307515856
DELHIVERY,543529,Q3FY23,1.0041237458097445,-0.3672042335310906,26.237089569805345,FY23,-0.10981409561609465,0.10062430145697945
DELHIVERY,543529,Q3FY24,0.72201295501453,0.16587046677497602,26.397834375002876,FY24,-0.027249387237078395,0.127871543633291
DELHIVERY,543529,Q3FY25,0.9741012416957286,-0.15313838701949786,26.28048475378023,FY25,0.017186959793158527,0.15071864307515856
DELHIVERY,543529,Q3FY26,0.8171900095608776,0.2404574890083682,26.434656101290397,FY26,0.017186959793158527,0.15071864307515856
DELHIVERY,543529,Q4FY21,,,,FY21,0.017186959793158527,0.15071864307515856
DELHIVERY,543529,Q4FY22,,,,FY22,0.017186959793158527,0.15071864307515856
DELHIVERY,543529,Q4FY23,0.8350613021636493,-0.3556445943230192,26.237692741856847,FY23,-0.10981409561609465,0.10062430145697945
DELHIVERY,543529,Q4FY24,0.9922183390154978,0.43326042121890274,26.53292201094983,FY24,-0.027249387237078395,0.127871543633291
DELHIVERY,543529,Q4FY25,1.0097220168319474,-0.44518588990759966,25.975268213362508,FY25,0.017186959793158527,0.15071864307515856
DELHIVERY,543529,Q4FY26,0.7343062225916095,0.6435513790522781,26.465979132011707,FY26,0.017186959793158527,0.15071864307515856
DEVYANI,543330,Q1FY22,,,,FY22,,
DEVYANI,543330,Q1FY23,1.2667175190489852,0.37449392712550794,25.978347903758433,FY23,0.27309537010509655,1.6126350806825607
DEVYANI,543330,Q1FY24,0.9348215126519941,0.26847716652516523,26.170969195173804,FY24,0.044766675854334734,2.7522095394515627
DEVYANI,543330,Q1FY25,0.5642167189766141,-0.1792017436533295,26.036853621186903,FY25,0.008359786039184726,2.9126302304629177
DEVYANI,543330,Q1FY26,0.7701303182114416,0.1040183990032535,26.055261247879063,FY26,0.008359786039184726,2.9126302304629177
DEVYANI,543330,Q2FY22,,,25.684531820123162,FY22,0.008359786039184726,2.9126302304629177
DEVYANI,543330,Q2FY23,1.2758158628809801,0.6168599684846823,26.204127125334573,FY23,0.27309537010509655,1.6126350806825607
DEVYANI,543330,Q2FY24,0.6490336657567022,0.034565274631828735,26.30027745014909,FY24,0.044766675854334734,2.7522095394515627
DEVYANI,543330,Q2FY25,0.49661012191456705,-0.11089209888589684,26.20955661970428,FY25,0.008359786039184726,2.9126302304629177
DEVYANI,543330,Q2FY26,0.9360720263585689,-0.013350666510456981,26.056809756255632,FY26,0.008359786039184726,2.9126302304629177
DEVYANI,543330,Q3FY22,1.2719426355155248,0.23805663074076452,26.038915705419672,FY22,0.008359786039184726,2.9126302304629177
DEVYANI,543330,Q3FY23,1.2528328568352158,0.2819727683553908,26.129782089669447,FY23,0.27309537010509655,1.6126350806825607
DEVYANI,543330,Q3FY24,0.6814037018910986,-0.04022676604214061,26.199235896864028,FY24,0.044766675854334734,2.7522095394515627
DEVYANI,543330,Q3FY25,0.5213744441765042,-0.09537365864254012,26.139143374786485,FY25,0.008359786039184726,2.9126302304629177
DEVYANI,543330,Q3FY26,1.0536840408725228,-0.19445782397166794,25.929541586849837,FY26,0.008359786039184726,2.9126302304629177
DEVYANI,543330,Q4FY21,,,,FY21,0.008359786039184726,2.9126302304629177
DEVYANI,543330,Q4FY22,1.3989867326386975,0.2502023797286192,26.098880754545274,FY22,0.008359786039184726,2.9126302304629177
DEVYANI,543330,Q4FY23,0.9965420878163718,-0.02025078170024299,25.906984217857655,FY23,0.27309537010509655,1.6126350806825607
DEVYANI,543330,Q4FY24,0.5392696684877164,0.060437764231027105,25.946298011422428,FY24,0.044766675854334734,2.7522095394515627
DEVYANI,543330,Q4FY25,0.6324561061671399,0.07668179012891263,25.93755268665375,FY25,0.008359786039184726,2.9126302304629177
DEVYANI,543330,Q4FY26,0.9813449844661195,-0.1861428857037845,25.482218952140045,FY26,0.008359786039184726,2.9126302304629177
DIXON,540699,Q1FY22,0.6898865809152954,0.5076458089521731,26.31317489898957,FY22,,
DIXON,540699,Q1FY23,1.2447444536978574,-0.02508706975800263,26.100998388720487,FY23,0.19886217711746348,0.3526239191850013
DIXON,540699,Q1FY24,1.0755551165180555,0.16010045509574797,26.306563663145496,FY24,0.21698085376286988,0.2885093076083429
DIXON,540699,Q1FY25,1.2170750912958495,2.0983072757692254,27.31068436291886,FY25,0.36394259517640026,0.22289548867184905
DIXON,540699,Q1FY26,1.46973397296517,0.580655560531992,27.535445916983257,FY26,0.36394259517640026,0.22289548867184905
DIXON,540699,Q2FY22,0.6628840447723785,0.5270997853305389,26.355673136509775,FY22,0.36394259517640026,0.22289548867184905
DIXON,540699,Q2FY23,1.2628759907144964,0.007959685018783977,26.30268253023918,FY23,0.19886217711746348,0.3526239191850013
DIXON,540699,Q2FY24,1.050034349481655,0.21198271940840557,26.49384863615408,FY24,0.21698085376286988,0.2885093076083429
DIXON,540699,Q2FY25,1.2858204841051362,1.781693040099249,27.453412076641754,FY25,0.36394259517640026,0.22289548867184905
DIXON,540699,Q2FY26,1.4865980252345583,0.329670794915998,27.62148852202961,FY26,0.36394259517640026,0.22289548867184905
DIXON,540699,Q3FY22,0.8054530800653056,0.8708297495966019,26.53351620331767,FY22,0.36394259517640026,0.22289548867184905
DIXON,540699,Q3FY23,1.2316554521469927,-0.14010142813024085,26.18970876691697,FY23,0.19886217711746348,0.3526239191850013
DIXON,540699,Q3FY24,1.0527038827253585,0.2423882037189799,26.71019133618611,FY24,0.21698085376286988,0.2885093076083429
DIXON,540699,Q3FY25,1.4197620843625907,1.904728610393113,27.71535634286765,FY25,0.36394259517640026,0.22289548867184905
DIXON,540699,Q3FY26,1.5090762793005847,-0.05990653637181169,27.322345359182687,FY26,0.36394259517640026,0.22289548867184905
DIXON,540699,Q4FY21,0.711286287701177,0.45713162337189334,26.127574920304454,FY21,0.36394259517640026,0.22289548867184905
DIXON,540699,Q4FY22,1.038461975661317,0.15393702884802385,26.287692641656246,FY22,0.36394259517640026,0.22289548867184905
DIXON,540699,Q4FY23,1.2697891436103208,-0.31747778032032875,25.878829555236287,FY23,0.19886217711746348,0.3526239191850013
DIXON,540699,Q4FY24,0.778919606418593,1.5724305516653503,26.840304739812435,FY24,0.21698085376286988,0.2885093076083429
DIXON,540699,Q4FY25,1.5471626125203966,1.1108864502387974,27.407192319328463,FY25,0.36394259517640026,0.22289548867184905
DIXON,540699,Q4FY26,1.4934734737877915,-0.25802489467254996,27.098313130182966,FY26,0.36394259517640026,0.22289548867184905
DLF,532868,Q1FY22,1.7125485559781533,0.20537023388095874,27.233162920572372,FY22,,
DLF,532868,Q1FY23,1.6847343022459786,0.19687876863991818,27.346190349517574,FY23,0.05401852979801194,0.08846413948480535
DLF,532868,Q1FY24,1.3205865428110029,0.5340926866418937,27.80431121048913,FY24,0.06916177465510324,0.12259092472611978
DLF,532868,Q1FY25,1.5423985019092803,0.7931481476463144,28.33172606646423,FY25,0.10264627279801074,0.09642096304926047
DLF,532868,Q1FY26,1.7292233724253685,-0.04492098018644447,28.353123794437007,FY26,0.10264627279801074,0.09642096304926047
DLF,532868,Q2FY22,1.7384811240296831,0.3536320826814153,27.634511730519844,FY22,0.10264627279801074,0.09642096304926047
DLF,532868,Q2FY23,1.6085490970626275,0.30526485194087716,27.48567912673889,FY23,0.05401852979801194,0.08846413948480535
DLF,532868,Q2FY24,1.3024186399804614,0.35464776249583607,27.891219359645977,FY24,0.06916177465510324,0.12259092472611978
DLF,532868,Q2FY25,1.6054906582288035,0.7929115731325517,28.41933572021745,FY25,0.10264627279801074,0.09642096304926047
DLF,532868,Q2FY26,1.7519864152312155,-0.1093834050479337,28.199113587269537,FY26,0.10264627279801074,0.09642096304926047
DLF,532868,Q3FY22,1.779114438204982,0.6260057086834103,27.5682458910827,FY22,0.10264627279801074,0.09642096304926047
DLF,532868,Q3FY23,1.5534740072186497,0.10374810647082139,27.53571004846381,FY23,0.05401852979801194,0.08846413948480535
DLF,532868,Q3FY24,1.3481594537052173,0.6449521044057457,28.20474656867201,FY24,0.06916177465510324,0.12259092472611978
DLF,532868,Q3FY25,1.6877059518858202,0.32160174247970513,28.337606619894625,FY25,0.10264627279801074,0.09642096304926047
DLF,532868,Q3FY26,1.6817293040272387,-0.1325176361551452,28.162548566787503,FY26,0.10264627279801074,0.09642096304926047
DLF,532868,Q4FY21,1.4737600947483624,0.2691421093482417,27.254108873670376,FY21,0.10264627279801074,0.09642096304926047
DLF,532868,Q4FY22,1.8208250508798836,0.20039106042573496,27.542300787328845,FY22,0.10264627279801074,0.09642096304926047
DLF,532868,Q4FY23,1.3799977589017798,0.02968348504233388,27.48567912673889,FY23,0.05401852979801194,0.08846413948480535
DLF,532868,Q4FY24,1.3529163838644827,1.520848570108906,28.415701563188488,FY24,0.06916177465510324,0.12259092472611978
DLF,532868,Q4FY25,1.7107451417543116,-0.23538198971264007,28.145172242491782,FY25,0.10264627279801074,0.09642096304926047
DLF,532868,Q4FY26,1.6669223656629253,-0.08395983544045639,27.852406840051575,FY26,0.10264627279801074,0.09642096304926047
DMART,540376,Q1FY22,0.9538242625520168,0.09167829845430962,28.41044533040649,FY22,,
DMART,540376,Q1FY23,0.8632471663495412,0.28046605481015696,28.4288156725559,FY23,0.1479292480113442,0.03999328303905166
DMART,540376,Q1FY24,0.7689035356019667,-0.032120886319418195,28.561451170520954,FY24,0.1356398767342931,0.031673211101615056
DMART,540376,Q1FY25,0.26076532197465163,0.3290139771601993,28.754367705231974,FY25,0.12637911119926265,0.03825319970598873
DMART,540376,Q1FY26,0.5304037586868089,-0.14567187583386718,28.678536843893358,FY26,0.12637911119926265,0.03825319970598873
DMART,540376,Q2FY22,0.8693794529159813,0.4179484100091789,28.65021378872873,FY22,0.12637911119926265,0.03825319970598873
DMART,540376,Q2FY23,0.93312567586304,0.1866131399023237,28.681790698727784,FY23,0.1479292480113442,0.03999328303905166
DMART,540376,Q2FY24,0.5769550161110941,-0.13195096733969347,28.50496411333577,FY24,0.1356398767342931,0.031673211101615056
DMART,540376,Q2FY25,0.23978531249896365,0.39156166092710853,28.83176245003685,FY25,0.12637911119926265,0.03825319970598873
DMART,540376,Q2FY26,0.6344595079845659,-0.0451038935078008,28.701843413508747,FY26,0.12637911119926265,0.03825319970598873
DMART,540376,Q3FY22,0.9229765354141657,0.7148721909736168,28.744717259925547,FY22,0.12637911119926265,0.03825319970598873
DMART,540376,Q3FY23,0.8782896945309459,-0.14296161009933772,28.60658352909713,FY23,0.1479292480113442,0.03999328303905166
DMART,540376,Q3FY24,0.4930751087830647,-0.02369031966237563,28.60999396558236,FY24,0.1356398767342931,0.031673211101615056
DMART,540376,Q3FY25,0.28281735921447254,-0.021962036128617128,28.473527802346943,FY25,0.12637911119926265,0.03825319970598873
DMART,540376,Q3FY26,0.735129370261668,0.08312043906415571,28.533553540123442,FY26,0.12637911119926265,0.03825319970598873
DMART,540376,Q4FY21,0.8335192021652995,0.07353621108398903,28.25373712102047,FY21,0.12637911119926265,0.03825319970598873
DMART,540376,Q4FY22,0.8986804865766961,0.4503608754993818,28.590379237128474,FY22,0.12637911119926265,0.03825319970598873
DMART,540376,Q4FY23,0.8015631889333474,-0.18516977857722203,28.427331923954522,FY23,0.1479292480113442,0.03999328303905166
DMART,540376,Q4FY24,0.5090831601358807,0.08595159961819966,28.712997888747825,FY24,0.1356398767342931,0.031673211101615056
DMART,540376,Q4FY25,0.3101280869343703,-0.06002075344831905,28.610128684892366,FY25,0.12637911119926265,0.03825319970598873
DMART,540376,Q4FY26,0.6749224608187165,0.057553132757221216,28.57868333224771,FY26,0.12637911119926265,0.03825319970598873
ECLERX,532927,Q1FY22,0.10629411433555512,0.41516670228150204,24.819092344975473,FY22,,
ECLERX,532927,Q1FY23,0.8087712286912857,0.8094803383511949,24.810105815261668,FY23,0.2850476799712631,0.11287029753258408
ECLERX,532927,Q1FY24,0.47713065469778815,0.16948886902877286,25.04903652334591,FY24,0.2275665283352488,0.11823798966051628
ECLERX,532927,Q1FY25,0.6894176992315186,0.6089402181147014,25.4475616651315,FY25,0.2346694932087527,0.15531828523498956
ECLERX,532927,Q1FY26,1.0084124420224334,0.5788434857743324,25.817616058585454,FY26,0.2346694932087527,0.15531828523498956
ECLERX,532927,Q2FY22,0.18788042031445168,1.5548159955340624,24.929631921176124,FY22,0.2346694932087527,0.15531828523498956
ECLERX,532927,Q2FY23,0.7648041086218709,-0.05802130863830978,24.917555830460635,FY23,0.2850476799712631,0.11287029753258408
ECLERX,532927,Q2FY24,0.5181377005814786,0.09875619601516984,25.15292452266355,FY24,0.2275665283352488,0.11823798966051628
ECLERX,532927,Q2FY25,0.656347972546423,0.7634582239105474,25.66580241228389,FY25,0.2346694932087527,0.15531828523498956
ECLERX,532927,Q2FY26,1.0704296343580144,0.6016636738740052,25.9549721266964,FY26,0.2346694932087527,0.15531828523498956
ECLERX,532927,Q3FY22,0.2947659405659212,1.404165859120958,25.117785871333236,FY22,0.2346694932087527,0.15531828523498956
ECLERX,532927,Q3FY23,0.8083240591602134,-0.05790611704759517,24.80991152498795,FY23,0.2850476799712631,0.11287029753258408
ECLERX,532927,Q3FY24,0.6771882279646928,0.863285159320952,25.5164415245406,FY24,0.2275665283352488,0.11823798966051628
ECLERX,532927,Q3FY25,0.6149023160779936,0.45530057159675125,25.812519159478107,FY25,0.2346694932087527,0.15531828523498956
ECLERX,532927,Q3FY26,1.2546096775080204,0.3884780310628014,26.11132242723675,FY26,0.2346694932087527,0.15531828523498956
ECLERX,532927,Q4FY21,0.15476791240105753,0.048242262883874176,24.255237268373786,FY21,0.2346694932087527,0.15531828523498956
ECLERX,532927,Q4FY22,0.6336836526621457,1.2750703724904,25.021046701529375,FY22,0.2346694932087527,0.15531828523498956
ECLERX,532927,Q4FY23,0.6746929577929832,-0.05589457906251854,24.818511736541762,FY23,0.2850476799712631,0.11287029753258408
ECLERX,532927,Q4FY24,1.137973690997426,0.7381001516205455,25.425916132238456,FY24,0.2275665283352488,0.11823798966051628
ECLERX,532927,Q4FY25,0.6231464857531867,0.25628178743461677,25.58588151863009,FY25,0.2346694932087527,0.15531828523498956
ECLERX,532927,Q4FY26,1.043284921809608,0.08944320170953093,25.585194932856805,FY26,0.2346694932087527,0.15531828523498956
EICHERMOT,505200,Q1FY22,0.9967541730828988,0.04841323568836316,27.27232958086226,FY22,,
EICHERMOT,505200,Q1FY23,0.9352738562644685,0.07100764881418963,27.323627241951613,FY23,0.19438863049923016,0.019239800724202616
EICHERMOT,505200,Q1FY24,0.9617626509429821,0.3760912872198722,27.578051482856168,FY24,0.2217175112063763,0.023243429259212668
EICHERMOT,505200,Q1FY25,0.7697218106919226,0.34160414579328574,27.855428393412055,FY25,0.22231081272078168,0.02151199563871793
EICHERMOT,505200,Q1FY26,1.1422888362146106,0.10482488526997817,28.05746217062819,FY26,0.22231081272078168,0.02151199563871793
EICHERMOT,505200,Q2FY22,0.9559117538684262,0.060263487531895435,27.322140925710073,FY22,0.22231081272078168,0.02151199563871793
EICHERMOT,505200,Q2FY23,0.967609811294777,0.3317711857791424,27.60328827351727,FY23,0.19438863049923016,0.019239800724202616
EICHERMOT,505200,Q2FY24,0.9236651948495427,-0.002132593090775723,27.551127510543086,FY24,0.2217175112063763,0.023243429259212668
EICHERMOT,505200,Q2FY25,0.8422843341647808,0.4973316115146447,27.93933099182809,FY25,0.22231081272078168,0.02151199563871793
EICHERMOT,505200,Q2FY26,1.1035394347213003,0.30655699318299423,28.28423557109809,FY26,0.22231081272078168,0.02151199563871793
EICHERMOT,505200,Q3FY22,0.9870644190997763,-0.02984457144100294,27.24841886465861,FY22,0.22231081272078168,0.02151199563871793
EICHERMOT,505200,Q3FY23,0.9671166454359732,0.42172104017627343,27.474446027945703,FY23,0.19438863049923016,0.019239800724202616
EICHERMOT,505200,Q3FY24,1.0139503467892395,0.1420060569248465,27.735178661496697,FY24,0.2217175112063763,0.023243429259212668
EICHERMOT,505200,Q3FY25,0.8346109097002887,0.2701028190836306,27.897824817817042,FY25,0.22231081272078168,0.02151199563871793
EICHERMOT,505200,Q3FY26,1.0219042089039907,0.46355622617136594,28.327125228826915,FY26,0.22231081272078168,0.02151199563871793
EICHERMOT,505200,Q4FY21,0.8456566096297504,-0.01734383878146736,27.246850092304115,FY21,0.22231081272078168,0.02151199563871793
EICHERMOT,505200,Q4FY22,1.0346637055059373,0.04978159983651513,27.1950297981193,FY22,0.22231081272078168,0.02151199563871793
EICHERMOT,505200,Q4FY23,0.9675789031380871,0.1551439100721317,27.3840759977976,FY23,0.19438863049923016,0.019239800724202616
EICHERMOT,505200,Q4FY24,0.9408675888019016,0.2070068695922713,27.704745501659044,FY24,0.2217175112063763,0.023243429259212668
EICHERMOT,505200,Q4FY25,0.9701912138376377,0.31790880689754697,28.001323411008414,FY25,0.22231081272078168,0.02151199563871793
EICHERMOT,505200,Q4FY26,1.0688916850727033,0.7188279251434422,28.222486200223113,FY26,0.22231081272078168,0.02151199563871793
EIDPARRY,500125,Q1FY22,0.6912764798563021,0.20591654172541796,25.002478056198385,FY22,,
EIDPARRY,500125,Q1FY23,0.9372173854386632,0.30115326266662656,25.245784659277643,FY23,0.15571157170936295,0.26588045043090697
EIDPARRY,500125,Q1FY24,0.6791038466330336,-0.004514222582798517,25.12488804879256,FY24,0.12746360641802146,0.2465596996422626
EIDPARRY,500125,Q1FY25,0.7000932608501775,0.38614880946478747,25.63481928992179,FY25,0.11068294914267497,0.34074495982096165
EIDPARRY,500125,Q1FY26,1.0193944599243814,0.517447875695911,26.008694073742365,FY26,0.11068294914267497,0.34074495982096165
EIDPARRY,500125,Q2FY22,0.6557194524972614,0.1709688310335474,24.98890294232,FY22,0.11068294914267497,0.34074495982096165
EIDPARRY,500125,Q2FY23,0.9185799159346888,0.33333910949261847,25.36494884514874,FY23,0.15571157170936295,0.26588045043090697
EIDPARRY,500125,Q2FY24,0.7695670302125516,-0.07930567393754369,25.246029547415862,FY24,0.12746360641802146,0.2465596996422626
EIDPARRY,500125,Q2FY25,0.7347802089975531,0.8334898695795141,25.750891461174543,FY25,0.11068294914267497,0.34074495982096165
EIDPARRY,500125,Q2FY26,1.0476037211207223,0.3793566388797696,25.92951435694842,FY26,0.11068294914267497,0.34074495982096165
EIDPARRY,500125,Q3FY22,0.7050440594281357,0.3739496564270658,25.070450602332016,FY22,0.11068294914267497,0.34074495982096165
EIDPARRY,500125,Q3FY23,0.9110530519222206,0.3277359067875156,25.323621434477577,FY23,0.15571157170936295,0.26588045043090697
EIDPARRY,500125,Q3FY24,0.9358056277330618,-0.13506155768193923,25.318964513870828,FY24,0.12746360641802146,0.2465596996422626
EIDPARRY,500125,Q3FY25,0.7047097139442196,0.7483437891267966,25.791893006391863,FY25,0.11068294914267497,0.34074495982096165
EIDPARRY,500125,Q3FY26,1.103271804388224,0.18513774907345337,25.93844554085628,FY26,0.11068294914267497,0.34074495982096165
EIDPARRY,500125,Q4FY21,0.5023455119043385,-0.0783063547041771,24.710134305412133,FY21,0.11068294914267497,0.34074495982096165
EIDPARRY,500125,Q4FY22,0.8375304124106283,0.3361719380711616,25.08645358228519,FY22,0.11068294914267497,0.34074495982096165
EIDPARRY,500125,Q4FY23,0.9595375333624334,0.22292806770439455,25.130495089745143,FY23,0.15571157170936295,0.26588045043090697
EIDPARRY,500125,Q4FY24,0.6882443530868954,0.226865743627551,25.298648175997663,FY24,0.12746360641802146,0.2465596996422626
EIDPARRY,500125,Q4FY25,0.962859093044464,0.07179243971564599,25.663026505399277,FY25,0.11068294914267497,0.34074495982096165
EIDPARRY,500125,Q4FY26,0.9870990139644653,0.20543850017280277,25.650086762052577,FY26,0.11068294914267497,0.34074495982096165
ENDURANCE,540153,Q1FY22,0.4214805861539833,0.10605677434796028,26.13605679006458,FY22,,
ENDURANCE,540153,Q1FY23,0.5203632318591611,-0.13000645945060044,25.99871219787013,FY23,0.10869469138368348,0.11667020615217732
ENDURANCE,540153,Q1FY24,0.35007143862293055,0.13112510774674246,26.11539610293828,FY24,0.13671442815695856,0.15376174222858693
ENDURANCE,540153,Q1FY25,0.571570471761011,0.5828110567621113,26.64754041709485,FY25,0.1462816419165581,0.16505200950919086
ENDURANCE,540153,Q1FY26,0.61814746236832,0.11120446792625947,26.684588495155996,FY26,0.1462816419165581,0.16505200950919086
ENDURANCE,540153,Q2FY22,0.3608170533856164,0.23631623264425838,26.11415499741305,FY22,0.1462816419165581,0.16505200950919086
ENDURANCE,540153,Q2FY23,0.5682290514817252,-0.08219358444610442,26.01172238113833,FY23,0.10869469138368348,0.11667020615217732
ENDURANCE,540153,Q2FY24,0.29539131195819723,0.14317215246347942,26.127185500177436,FY24,0.13671442815695856,0.15376174222858693
ENDURANCE,540153,Q2FY25,0.5724502797961388,0.541072444250414,26.54148624262488,FY25,0.1462816419165581,0.16505200950919086
ENDURANCE,540153,Q2FY26,0.746229617601121,0.17632825277132694,26.679558463290956,FY26,0.1462816419165581,0.16505200950919086
ENDURANCE,540153,Q3FY22,0.445693160191296,0.2827472278341272,26.18086270095798,FY22,0.1462816419165581,0.16505200950919086
ENDURANCE,540153,Q3FY23,0.5348823565522439,-0.09698684417453148,25.979791290129338,FY23,0.10869469138368348,0.11667020615217732
ENDURANCE,540153,Q3FY24,0.4421566737279288,0.09632357037359737,26.321590941064834,FY24,0.13671442815695856,0.15376174222858693
ENDURANCE,540153,Q3FY25,0.5477069705151616,0.44672060839992933,26.431196145705933,FY25,0.1462816419165581,0.16505200950919086
ENDURANCE,540153,Q3FY26,0.8881695962407676,0.12297024485142266,26.621250942247276,FY26,0.1462816419165581,0.16505200950919086
ENDURANCE,540153,Q4FY21,0.2242469169830023,0.06845721327364804,26.02619119819823,FY21,0.1462816419165581,0.16505200950919086
ENDURANCE,540153,Q4FY22,0.5061854024146687,-0.030770239276572228,25.744489353794023,FY22,0.1462816419165581,0.16505200950919086
ENDURANCE,540153,Q4FY23,0.5784195360571225,-0.07760459017415998,25.874728834311625,FY23,0.10869469138368348,0.11667020615217732
ENDURANCE,540153,Q4FY24,0.5232037582131901,0.3859694093183473,26.265089551143085,FY24,0.13671442815695856,0.15376174222858693
ENDURANCE,540153,Q4FY25,0.6263744247498111,-0.00048310521262307594,26.342875340345547,FY25,0.1462816419165581,0.16505200950919086
ENDURANCE,540153,Q4FY26,0.9576023636160472,0.4768563016786583,26.464387337063933,FY26,0.1462816419165581,0.16505200950919086
ERIS,540596,Q1FY22,0.24462522654585533,0.20115258065886912,25.284178145844596,FY22,,
ERIS,540596,Q1FY23,0.5963187908336107,-0.02455004390409354,25.233507004843702,FY23,0.17402554112317553,0.39923305591833835
ERIS,540596,Q1FY24,0.21306341260242745,-0.05107036945158044,25.290536818512145,FY24,0.15159424324679643,1.0754394512369596
ERIS,540596,Q1FY25,0.33903604165822065,0.44973370702514126,25.671963670910635,FY25,0.12326405919365462,0.8681175464902815
ERIS,540596,Q1FY26,0.47906236285331494,0.8123391200297003,26.175498940990874,FY26,0.12326405919365462,0.8681175464902815
ERIS,540596,Q2FY22,0.2612418716117336,0.2486940425237451,25.364459039985977,FY22,0.12326405919365462,0.8681175464902815
ERIS,540596,Q2FY23,0.5405857876803524,-0.022596023767554558,25.307631195305465,FY23,0.17402554112317553,0.39923305591833835
ERIS,540596,Q2FY24,0.24341617239685878,0.22292239233200845,25.5167375564106,FY24,0.15159424324679643,1.0754394512369596
ERIS,540596,Q2FY25,0.313155278808414,0.6720264337861909,25.93599134438545,FY25,0.12326405919365462,0.8681175464902815
ERIS,540596,Q2FY26,0.44374512963161294,0.3788723930653767,26.11559785298755,FY26,0.12326405919365462,0.8681175464902815
ERIS,540596,Q3FY22,0.38579428530030724,0.239982290162213,25.36380138587641,FY22,0.12326405919365462,0.8681175464902815
ERIS,540596,Q3FY23,0.4875873671591502,-0.0932743597942495,25.21376170204456,FY23,0.17402554112317553,0.39923305591833835
ERIS,540596,Q3FY24,0.3442726862191801,0.405966434513437,25.554473676410446,FY24,0.15159424324679643,1.0754394512369596
ERIS,540596,Q3FY25,0.3478054881153032,0.5705016114866339,25.9662921361771,FY25,0.12326405919365462,0.8681175464902815
ERIS,540596,Q3FY26,0.4413997923006089,0.07734124979470738,26.063637241704154,FY26,0.12326405919365462,0.8681175464902815
ERIS,540596,Q4FY21,0.08352680173649707,-0.006269973506243861,25.127668910442285,FY21,0.12326405919365462,0.8681175464902815
ERIS,540596,Q4FY22,0.5997134349536876,0.17204851727072146,25.265223005482476,FY22,0.12326405919365462,0.8681175464902815
ERIS,540596,Q4FY23,0.2942504893373822,-0.054867515378393766,25.09034284669389,FY23,0.17402554112317553,0.39923305591833835
ERIS,540596,Q4FY24,0.42145180181850017,0.3762120937651715,25.478411121046246,FY24,0.15159424324679643,1.0754394512369596
ERIS,540596,Q4FY25,0.4759717260896759,0.4573864104428634,26.003234681760137,FY25,0.12326405919365462,0.8681175464902815
ERIS,540596,Q4FY26,0.4498941229932774,0.12110587540904012,25.914653825880535,FY26,0.12326405919365462,0.8681175464902815
ESCORTS,500495,Q1FY22,0.8999581414242678,-0.09706462884464792,25.590499376554146,FY22,,
ESCORTS,500495,Q1FY23,0.3923162855571247,0.4039041562721264,25.770649662722295,FY23,0.07778216157650632,0.006999148620141668
ESCORTS,500495,Q1FY24,0.7773107550272774,0.38971929091144397,26.216091270861767,FY24,0.11467740887531674,0.047766898048785165
ESCORTS,500495,Q1FY25,0.612380794641092,0.8549107134843618,26.828137001476932,FY25,0.12201836632326273,0.010145850214145156
ESCORTS,500495,Q1FY26,1.195726562801248,-0.12214256497410933,26.61793315890846,FY26,0.12201836632326273,0.010145850214145156
ESCORTS,500495,Q2FY22,0.8569690555256623,0.052074671184715315,25.789978623418577,FY22,0.12201836632326273,0.010145850214145156
ESCORTS,500495,Q2FY23,0.4499956949820179,0.5117395089784844,26.157767329549213,FY23,0.07778216157650632,0.006999148620141668
ESCORTS,500495,Q2FY24,0.6838741798368576,0.8491273779960086,26.564356221761713,FY24,0.11467740887531674,0.047766898048785165
ESCORTS,500495,Q2FY25,0.8154794960867262,0.357675864166443,26.861598876374543,FY25,0.12201836632326273,0.010145850214145156
ESCORTS,500495,Q2FY26,1.1956169570258353,-0.04918581713468774,26.65633036027334,FY26,0.12201836632326273,0.010145850214145156
ESCORTS,500495,Q3FY22,0.6778398246557116,0.44482009999356587,26.044291213791894,FY22,0.12201836632326273,0.010145850214145156
ESCORTS,500495,Q3FY23,0.5363566373899693,0.26132123465015433,26.163554575964433,FY23,0.07778216157650632,0.006999148620141668
ESCORTS,500495,Q3FY24,0.732652464387479,0.43897808245770226,26.498835582352875,FY24,0.11467740887531674,0.047766898048785165
ESCORTS,500495,Q3FY25,0.8907499880485049,0.10848679378912242,26.614003957660387,FY25,0.12201836632326273,0.010145850214145156
ESCORTS,500495,Q3FY26,1.1464780773486019,0.07158666962877844,26.732612012712124,FY26,0.12201836632326273,0.010145850214145156
ESCORTS,500495,Q4FY21,0.926776101949432,0.017937666701229704,25.644501918188208,FY21,0.12201836632326273,0.010145850214145156
ESCORTS,500495,Q4FY22,0.3992107523450492,0.45202034598555196,25.923100124572127,FY22,0.12201836632326273,0.010145850214145156
ESCORTS,500495,Q4FY23,0.6987901030854918,0.12224535678754803,26.039810950156678,FY23,0.07778216157650632,0.006999148620141668
ESCORTS,500495,Q4FY24,0.6883710715201743,0.4190774785016851,26.42735177154861,FY24,0.11467740887531674,0.047766898048785165
ESCORTS,500495,Q4FY25,0.9603664374532377,0.012556302978803108,26.59225074507435,FY25,0.12201836632326273,0.010145850214145156
ESCORTS,500495,Q4FY26,1.2083614127815347,0.21520138428717606,26.432040825475465,FY26,0.12201836632326273,0.010145850214145156
FEDERALBNK,500469,Q1FY22,1.3601258244577088,0.26010273954527213,26.046842428054703,FY22,,
FEDERALBNK,500469,Q1FY23,1.220662923804136,0.02241337033617479,26.089884122827176,FY23,0.14305490419239605,1.169039886207691
FEDERALBNK,500469,Q1FY24,1.0892874116854558,0.5266798239076442,26.442956636106867,FY24,0.1288949308705369,0.7410183336621453
FEDERALBNK,500469,Q1FY25,1.0688124330702244,0.26782999704853977,26.790525635539566,FY25,0.12041249598561876,0.8786133310927305
FEDERALBNK,500469,Q1FY26,0.6683756139089249,0.24355868480906387,26.980739355654215,FY26,0.12041249598561876,0.8786133310927305
FEDERALBNK,500469,Q2FY22,1.3307748558437056,0.20364841855298407,26.02223660616469,FY22,0.12041249598561876,0.8786133310927305
FEDERALBNK,500469,Q2FY23,1.224554546128791,0.5455519446529554,26.38250538755097,FY23,0.14305490419239605,1.169039886207691
FEDERALBNK,500469,Q2FY24,1.1567538147713003,0.2673383547304544,26.604756631500038,FY24,0.1288949308705369,0.7410183336621453
FEDERALBNK,500469,Q2FY25,0.9268781906847693,0.4599774426119614,26.9007162581173,FY25,0.12041249598561876,0.8786133310927305
FEDERALBNK,500469,Q2FY26,0.7299743859337338,-0.01101031705148047,26.887246727753862,FY26,0.12041249598561876,0.8786133310927305
FEDERALBNK,500469,Q3FY22,1.3045221476386124,0.3169764917929999,26.006695409945088,FY22,0.12041249598561876,0.8786133310927305
FEDERALBNK,500469,Q3FY23,1.2110299119783863,0.522663858623587,26.5403186061593,FY23,0.14305490419239605,1.169039886207691
FEDERALBNK,500469,Q3FY24,1.1545153486279611,0.15160135601052158,26.663781525931757,FY24,0.1288949308705369,0.7410183336621453
FEDERALBNK,500469,Q3FY25,0.8852758216798868,0.43847651738165266,26.917301384372266,FY25,0.12041249598561876,0.8786133310927305
FEDERALBNK,500469,Q3FY26,0.6632865589389353,0.20835685395790204,27.212542479869036,FY26,0.12041249598561876,0.8786133310927305
FEDERALBNK,500469,Q4FY21,1.2333865215875255,0.22777380879353654,25.90788388338869,FY21,0.12041249598561876,0.8786133310927305
FEDERALBNK,500469,Q4FY22,1.2885869922391437,0.22308803830063093,26.166680978322905,FY22,0.12041249598561876,0.8786133310927305
FEDERALBNK,500469,Q4FY23,1.073159620726806,0.31053969827214956,26.490557082899482,FY23,0.14305490419239605,1.169039886207691
FEDERALBNK,500469,Q4FY24,1.1451908088444145,0.1773035772840186,26.624932209515368,FY24,0.1288949308705369,0.7410183336621453
FEDERALBNK,500469,Q4FY25,0.8621340921681299,0.16432018370737253,26.880174245235253,FY25,0.12041249598561876,0.8786133310927305
FEDERALBNK,500469,Q4FY26,0.8513223107941931,0.6653418515031729,27.183290585255055,FY26,0.12041249598561876,0.8786133310927305
FINEORG,541557,Q1FY22,0.4237513023027498,0.20614967972189766,25.198017544939837,FY22,,
FINEORG,541557,Q1FY23,0.8550302726174182,0.5831849553453501,25.707221482850045,FY23,0.4010398969303401,0.01850758822926005
FINEORG,541557,Q1FY24,0.5288418098760646,0.05150486861827909,25.727193642097095,FY24,0.21441102156108346,0.0022028588441596834
FINEORG,541557,Q1FY25,0.47093328366867016,0.0344603725705983,25.729539120866857,FY25,0.17884758666701114,0.0012178734308273989
FINEORG,541557,Q1FY26,0.9140412696732967,0.0654399636319053,25.73374119985787,FY26,0.17884758666701114,0.0012178734308273989
FINEORG,541557,Q2FY22,0.4811690395450962,0.13031230975973318,25.2625593333974,FY22,0.17884758666701114,0.0012178734308273989
FINEORG,541557,Q2FY23,0.8329117830155418,1.1331989587983748,26.08308481503514,FY23,0.4010398969303401,0.01850758822926005
FINEORG,541557,Q2FY24,0.5172579255143273,-0.2202817211435652,25.709931170532574,FY24,0.21441102156108346,0.0022028588441596834
FINEORG,541557,Q2FY25,0.4944706506427752,0.18498791967743655,25.801321178230005,FY25,0.17884758666701114,0.0012178734308273989
FINEORG,541557,Q2FY26,0.9574851773854928,-0.16461883168817312,25.64285144227881,FY26,0.17884758666701114,0.0012178734308273989
FINEORG,541557,Q3FY22,0.5970547726159235,0.46614637196050507,25.451125706967446,FY22,0.17884758666701114,0.0012178734308273989
FINEORG,541557,Q3FY23,0.6936209250624445,0.6817281477757277,25.887995701950917,FY23,0.4010398969303401,0.01850758822926005
FINEORG,541557,Q3FY24,0.8661512905107334,-0.30661278890949295,25.747415037831384,FY24,0.21441102156108346,0.0022028588441596834
FINEORG,541557,Q3FY25,0.5621099728434411,0.22787720855744933,25.6393057643125,FY25,0.17884758666701114,0.0012178734308273989
FINEORG,541557,Q3FY26,0.9289984363172595,-0.1439454335228117,25.56115438271684,FY26,0.17884758666701114,0.0012178734308273989
FINEORG,541557,Q4FY21,0.35365140122856664,-0.07777149155406539,24.96106791599179,FY21,0.17884758666701114,0.0012178734308273989
FINEORG,541557,Q4FY22,0.765159576180769,0.8265321666183839,25.526748869978125,FY22,0.17884758666701114,0.0012178734308273989
FINEORG,541557,Q4FY23,0.6853414972889602,0.16855340901645782,25.600598162181647,FY23,0.4010398969303401,0.01850758822926005
FINEORG,541557,Q4FY24,0.7079227024495889,-0.09818874099584451,25.537305760672353,FY24,0.21441102156108346,0.0022028588441596834
FINEORG,541557,Q4FY25,0.6565963836377009,-0.14996253284702826,25.532222346506718,FY25,0.17884758666701114,0.0012178734308273989
FINEORG,541557,Q4FY26,0.969217052443268,0.26942186355103065,25.52173538604407,FY26,0.17884758666701114,0.0012178734308273989
FIVESTAR,543663,Q1FY22,,,,FY22,,
FIVESTAR,543663,Q1FY23,,,,FY23,0.1390693108180469,0.9787406700538654
FIVESTAR,543663,Q1FY24,0.713118496749831,0.11224488329160809,25.97312487262645,FY24,0.16087209643700562,1.2154844235103317
FIVESTAR,543663,Q1FY25,0.4298162290304647,0.35448685816166053,26.17575845134516,FY25,0.1701121023140111,1.2565405388412254
FIVESTAR,543663,Q1FY26,0.8619690540665179,0.007600454716904815,26.148345467764518,FY26,0.1701121023140111,1.2565405388412254
FIVESTAR,543663,Q2FY22,,,,FY22,0.1701121023140111,1.2565405388412254
FIVESTAR,543663,Q2FY23,,,,FY23,0.1390693108180469,0.9787406700538654
FIVESTAR,543663,Q2FY24,0.6192616560878417,0.5203061234884653,26.04597497208974,FY24,0.16087209643700562,1.2154844235103317
FIVESTAR,543663,Q2FY25,0.5528763693152228,-0.03906549502988176,26.159234429245437,FY25,0.1701121023140111,1.2565405388412254
FIVESTAR,543663,Q2FY26,0.8409069738590504,-0.24830737244288903,25.78833279306501,FY26,0.1701121023140111,1.2565405388412254
FIVESTAR,543663,Q3FY22,,,,FY22,0.1701121023140111,1.2565405388412254
FIVESTAR,543663,Q3FY23,,,25.920754393144026,FY23,0.1390693108180469,0.9787406700538654
FIVESTAR,543663,Q3FY24,0.7990285260674195,0.5106706494446444,26.099354493781867,FY24,0.16087209643700562,1.2154844235103317
FIVESTAR,543663,Q3FY25,0.3864161564904097,-0.1722309746957012,26.150933474977197,FY25,0.1701121023140111,1.2565405388412254
FIVESTAR,543663,Q3FY26,0.9912797279706406,-0.080777270481928,25.804507646178237,FY26,0.1701121023140111,1.2565405388412254
FIVESTAR,543663,Q4FY21,,,,FY21,0.1701121023140111,1.2565405388412254
FIVESTAR,543663,Q4FY22,,,,FY22,0.1701121023140111,1.2565405388412254
FIVESTAR,543663,Q4FY23,0.9856157553466228,0.09326528200385233,25.792299593610466,FY23,0.1390693108180469,0.9787406700538654
FIVESTAR,543663,Q4FY24,0.7499236698799647,0.2718849660327285,26.078107048061497,FY24,0.16087209643700562,1.2154844235103317
FIVESTAR,543663,Q4FY25,0.48249093535622567,-0.007169108164990191,26.084342316428973,FY25,0.1701121023140111,1.2565405388412254
FIVESTAR,543663,Q4FY26,1.0499879091623217,-0.3868906521720242,25.369406338998388,FY26,0.1701121023140111,1.2565405388412254
FLUOROCHEM,542812,Q1FY22,0.5964373774280082,0.5912591348965913,25.568216198709738,FY22,,
FLUOROCHEM,542812,Q1FY23,1.16452648274965,2.49533117608118,26.439799844833097,FY23,0.24069555439205967,0.27444299143308976
FLUOROCHEM,542812,Q1FY24,0.46336839293240006,0.30909619409785255,26.49601718742949,FY24,0.07326905130096996,0.35307108420339806
FLUOROCHEM,542812,Q1FY25,0.9032307484477939,-0.07090998441499875,26.58162949902022,FY25,0.07529161955712434,0.28683644486115323
FLUOROCHEM,542812,Q1FY26,0.7648297684975762,0.10124324644821597,26.71104513322355,FY26,0.07529161955712434,0.28683644486115323
FLUOROCHEM,542812,Q2FY22,0.6371154862179623,2.0454348717203596,26.066270610524235,FY22,0.07529161955712434,0.28683644486115323
FLUOROCHEM,542812,Q2FY23,1.0443605419969346,0.9873383286513031,26.792225074238882,FY23,0.24069555439205967,0.27444299143308976
FLUOROCHEM,542812,Q2FY24,0.4054496375201284,-0.10933396110017106,26.535997344592904,FY24,0.07326905130096996,0.35307108420339806
FLUOROCHEM,542812,Q2FY25,0.9366844996046888,0.10654492920825599,26.87391987376586,FY25,0.07529161955712434,0.28683644486115323
FLUOROCHEM,542812,Q2FY26,0.7675217660159821,0.03926665337132337,26.732820357762414,FY26,0.07529161955712434,0.28683644486115323
FLUOROCHEM,542812,Q3FY22,0.8043367966037858,3.0075296842710353,26.30011871321476,FY22,0.07529161955712434,0.28683644486115323
FLUOROCHEM,542812,Q3FY23,0.9592600927555115,0.6918485603548349,26.55509297994465,FY23,0.24069555439205967,0.27444299143308976
FLUOROCHEM,542812,Q3FY24,0.5936691693318599,-0.15944728099068492,26.72900222445431,FY24,0.07326905130096996,0.35307108420339806
FLUOROCHEM,542812,Q3FY25,0.9955165211049443,0.42000904827411967,26.848452445023987,FY25,0.07529161955712434,0.28683644486115323
FLUOROCHEM,542812,Q3FY26,0.7558533087683703,-0.11899263139521597,26.72156462822505,FY26,0.07529161955712434,0.28683644486115323
FLUOROCHEM,542812,Q4FY21,0.6101666277979965,-0.0006923457507646873,24.865336515451876,FY21,0.07529161955712434,0.28683644486115323
FLUOROCHEM,542812,Q4FY22,1.0295376945009735,3.867452735353235,26.428055392948966,FY22,0.07529161955712434,0.28683644486115323
FLUOROCHEM,542812,Q4FY23,0.775081556999236,0.16851439105180235,26.52553600242782,FY23,0.24069555439205967,0.27444299143308976
FLUOROCHEM,542812,Q4FY24,0.5504719892517844,0.2943994388750058,26.551419090009283,FY24,0.07326905130096996,0.35307108420339806
FLUOROCHEM,542812,Q4FY25,1.03166119212769,0.04786666146686749,26.8135827015159,FY25,0.07529161955712434,0.28683644486115323
FLUOROCHEM,542812,Q4FY26,0.6176442777046669,-0.04667844697830655,26.530383057865766,FY26,0.07529161955712434,0.28683644486115323
FORCEMOT,500033,Q1FY22,0.7512722477212783,-0.13511445880408385,23.476682406179513,FY22,,
FORCEMOT,500033,Q1FY23,0.9906940551995858,-0.1645326394239814,23.309615945518736,FY23,0.07127352629024603,0.5091971861783545
FORCEMOT,500033,Q1FY24,1.4037289331744252,0.8101360012466954,24.300094761239244,FY24,0.17209131140417003,0.2325797954894153
FORCEMOT,500033,Q1FY25,1.3471842313367322,5.016174802474472,25.49046069502192,FY25,0.2639718074918492,0.005745970732800823
FORCEMOT,500033,Q1FY26,1.270526933998274,0.49032529302478284,26.076867124845503,FY26,0.2639718074918492,0.005745970732800823
FORCEMOT,500033,Q2FY22,0.7149387292787122,-0.009489457670109525,23.672315156443126,FY22,0.2639718074918492,0.005745970732800823
FORCEMOT,500033,Q2FY23,1.1239326639650389,-0.03667660960844896,23.51351941936964,FY23,0.07127352629024603,0.5091971861783545
FORCEMOT,500033,Q2FY24,1.3667047562967198,1.7873924650295128,24.640370503094488,FY24,0.17209131140417003,0.2325797954894153
FORCEMOT,500033,Q2FY25,1.3025582561544602,1.4785905452611627,25.31193744824055,FY25,0.2639718074918492,0.005745970732800823
FORCEMOT,500033,Q2FY26,1.365236800870483,1.2836909571787933,26.122763937327047,FY26,0.2639718074918492,0.005745970732800823
FORCEMOT,500033,Q3FY22,0.8367623530624191,-0.06232212483149098,23.51102402955945,FY22,0.2639718074918492,0.005745970732800823
FORCEMOT,500033,Q3FY23,1.1668155834095433,0.1411626380030089,23.620805699363864,FY23,0.07127352629024603,0.5091971861783545
FORCEMOT,500033,Q3FY24,1.2060769326814271,1.2204498625690228,24.50674964637506,FY24,0.17209131140417003,0.2325797954894153
FORCEMOT,500033,Q3FY25,1.264335222780426,1.0608790572039781,25.173200821373264,FY25,0.2639718074918492,0.005745970732800823
FORCEMOT,500033,Q3FY26,1.404727983815282,1.6146982291566085,26.325321941069788,FY26,0.2639718074918492,0.005745970732800823
FORCEMOT,500033,Q4FY21,0.5195865266092955,-0.048541981533459864,23.440540715597628,FY21,0.2639718074918492,0.005745970732800823
FORCEMOT,500033,Q4FY22,1.057422036297456,-0.22234487947341522,23.305746345930455,FY22,0.2639718074918492,0.005745970732800823
FORCEMOT,500033,Q4FY23,1.1843308799811392,0.14584505883071588,23.44740532964297,FY23,0.07127352629024603,0.5091971861783545
FORCEMOT,500033,Q4FY24,1.2653541884620103,3.707927987500516,25.277261573592874,FY24,0.17209131140417003,0.2325797954894153
FORCEMOT,500033,Q4FY25,1.2620418489356373,0.1305822667242611,25.501772432292544,FY25,0.2639718074918492,0.005745970732800823
FORCEMOT,500033,Q4FY26,1.7287155476881475,2.8480366722677912,26.26721347908366,FY26,0.2639718074918492,0.005745970732800823
FSL,532809,Q1FY22,0.6003469356133522,0.43744287595406195,25.47884410430973,FY22,,
FSL,532809,Q1FY23,1.212116050019428,-0.20060702806763123,24.908058057602624,FY23,0.15258201669515525,0.4137879825177577
FSL,532809,Q1FY24,1.0740545353773348,0.36166913302750153,25.15026069713237,FY24,0.13910079523770788,0.4123321162586886
FSL,532809,Q1FY25,1.1625932625363111,0.47883852400611204,25.668228577593304,FY25,0.14507288359368709,0.6270117116479526
FSL,532809,Q1FY26,1.1660446709254844,0.9235327824782263,26.258333699044453,FY26,0.14507288359368709,0.6270117116479526
FSL,532809,Q2FY22,0.6568532887841837,0.8673369279614964,25.523563210532227,FY22,0.14507288359368709,0.6270117116479526
FSL,532809,Q2FY23,1.2038981684143297,-0.40095705095151657,24.926354136698514,FY23,0.15258201669515525,0.4137879825177577
FSL,532809,Q2FY24,1.027123832576539,0.5287964991169194,25.424996086994277,FY24,0.13910079523770788,0.4123321162586886
FSL,532809,Q2FY25,1.2437260776384806,1.0720617233655574,26.0615865422919,FY25,0.14507288359368709,0.6270117116479526
FSL,532809,Q2FY26,1.131370199423988,0.1750737995523133,26.127791050977343,FY26,0.14507288359368709,0.6270117116479526
FSL,532809,Q3FY22,0.8163435156000041,0.7849619685405845,25.458035275299608,FY22,0.14507288359368709,0.6270117116479526
FSL,532809,Q3FY23,1.2319730748786077,-0.30599454829502987,24.902209972112853,FY23,0.15258201669515525,0.4137879825177577
FSL,532809,Q3FY24,1.0830160730913954,0.7315289497560358,25.523258942885438,FY24,0.13910079523770788,0.4123321162586886
FSL,532809,Q3FY25,1.104837796033215,1.2421749350190567,26.25090064239201,FY25,0.14507288359368709,0.6270117116479526
FSL,532809,Q3FY26,1.2711388957106526,-0.019949996312905973,26.148857160851442,FY26,0.14507288359368709,0.6270117116479526
FSL,532809,Q4FY21,0.5081197059754388,0.025568078849502535,24.983323677600612,FY21,0.14507288359368709,0.6270117116479526
FSL,532809,Q4FY22,1.0910805355666955,0.27290112268075034,25.103014067399222,FY22,0.14507288359368709,0.6270117116479526
FSL,532809,Q4FY23,1.2498400096232165,-0.08866708202721885,24.962425136002963,FY23,0.15258201669515525,0.4137879825177577
FSL,532809,Q4FY24,1.1483974362933433,0.7989896744982182,25.60780918764359,FY24,0.13910079523770788,0.4123321162586886
FSL,532809,Q4FY25,1.1074301825588075,0.7595319965880918,26.16202214524026,FY25,0.14507288359368709,0.6270117116479526
FSL,532809,Q4FY26,1.24305844161152,-0.35410980539788545,25.673962007685947,FY26,0.14507288359368709,0.6270117116479526
GALLANTT,532726,Q1FY22,0.720160308512758,0.4825806125020642,23.662153000515055,FY22,,
GALLANTT,532726,Q1FY23,1.2053880855492582,0.17359420654050073,23.599858276483094,FY23,0.06332984214696097,0.24167953389965338
GALLANTT,532726,Q1FY24,0.72658788082644,-0.19596108766645473,23.37213718286471,FY24,0.09195174264222353,0.18847910750394536
GALLANTT,532726,Q1FY25,0.9862760740048869,4.062797486123331,25.17767838604028,FY25,0.140979413730519,0.13286095627120867
GALLANTT,532726,Q1FY26,1.344570811523286,0.727080493411571,25.576449502432737,FY26,0.140979413730519,0.13286095627120867
GALLANTT,532726,Q2FY22,0.8284560127490275,0.7406451254417198,23.617296589723654,FY22,0.140979413730519,0.13286095627120867
GALLANTT,532726,Q2FY23,1.072567190451944,-0.04172987631083173,23.35845010210536,FY23,0.06332984214696097,0.24167953389965338
GALLANTT,532726,Q2FY24,0.8387149139553061,0.3739130181956344,23.78914690564197,FY24,0.09195174264222353,0.18847910750394536
GALLANTT,532726,Q2FY25,0.8160270885667953,3.3013624689641277,25.182477178343643,FY25,0.140979413730519,0.13286095627120867
GALLANTT,532726,Q2FY26,1.6211616463331007,0.5949608317509683,25.786641966199685,FY26,0.140979413730519,0.13286095627120867
GALLANTT,532726,Q3FY22,0.8993609390317705,0.8219354356475796,23.584861368836865,FY22,0.140979413730519,0.13286095627120867
GALLANTT,532726,Q3FY23,1.1701958672722264,-0.04868911901455388,23.424279727378327,FY23,0.06332984214696097,0.24167953389965338
GALLANTT,532726,Q3FY24,0.7552343860732648,0.521082061688759,24.488990485679096,FY24,0.09195174264222353,0.18847910750394536
GALLANTT,532726,Q3FY25,1.0170162909372407,2.5611000574705582,25.14427047672967,FY25,0.140979413730519,0.13286095627120867
GALLANTT,532726,Q3FY26,1.5699526682560543,0.8539743233266542,25.58942402934646,FY26,0.140979413730519,0.13286095627120867
GALLANTT,532726,Q4FY21,0.37164519941167384,0.2593548745582831,23.072202455838475,FY21,0.140979413730519,0.13286095627120867
GALLANTT,532726,Q4FY22,1.141319429461674,0.28659799873403496,23.395647925473114,FY22,0.140979413730519,0.13286095627120867
GALLANTT,532726,Q4FY23,1.0628710339680776,-0.04914002940358919,23.316227476130383,FY23,0.06332984214696097,0.24167953389965338
GALLANTT,532726,Q4FY24,1.0225979308895186,2.58741828331531,24.554640742683354,FY24,0.09195174264222353,0.18847910750394536
GALLANTT,532726,Q4FY25,1.0199249910516475,0.42827932424425563,25.243298502821727,FY25,0.140979413730519,0.13286095627120867
GALLANTT,532726,Q4FY26,1.1288922618379336,0.8270646963850627,25.60884209338862,FY26,0.140979413730519,0.13286095627120867
GESHIP,500620,Q1FY22,0.5112288106094801,0.5691849994101961,24.55092747555178,FY22,,
GESHIP,500620,Q1FY23,0.5450844802914293,-0.0006404842537982344,24.619026886053163,FY23,0.25060046557979476,0.35515933261705673
GESHIP,500620,Q1FY24,0.9149974695073325,0.7598838200817372,25.29566781242503,FY24,0.21086433097128846,0.24588120944226433
GESHIP,500620,Q1FY25,0.9571280975247709,0.6348112843821694,25.83852847283407,FY25,0.16440379377186315,0.1516926663281708
GESHIP,500620,Q1FY26,0.8785787898674247,-0.05526226034627473,25.641693737282115,FY26,0.16440379377186315,0.1516926663281708
GESHIP,500620,Q2FY22,0.5168477151752161,0.36164048961658407,24.52154685899217,FY22,0.16440379377186315,0.1516926663281708
GESHIP,500620,Q2FY23,0.6257558021813625,0.7125535418526278,24.941468522370993,FY23,0.25060046557979476,0.35515933261705673
GESHIP,500620,Q2FY24,0.9878585588985886,0.4648790624250291,25.44462296389167,FY24,0.21086433097128846,0.24588120944226433
GESHIP,500620,Q2FY25,0.9502502521743336,0.764143199193533,25.825034177117075,FY25,0.16440379377186315,0.1516926663281708
GESHIP,500620,Q2FY26,0.9558298225325301,-0.24823067126965073,25.6646194907616,FY26,0.16440379377186315,0.1516926663281708
GESHIP,500620,Q3FY22,0.6088376500046943,0.15261220652468088,24.322575175390845,FY22,0.16440379377186315,0.1516926663281708
GESHIP,500620,Q3FY23,0.6415036482126204,1.2765882902209444,25.169167167476033,FY23,0.25060046557979476,0.35515933261705673
GESHIP,500620,Q3FY24,0.9805644983876045,0.35315497629173975,25.595170757920197,FY24,0.21086433097128846,0.24588120944226433
GESHIP,500620,Q3FY25,0.8162113375110693,0.4552138664736258,25.6103199245661,FY25,0.16440379377186315,0.1516926663281708
GESHIP,500620,Q3FY26,1.1913714747868376,0.04085510964488845,25.798452967633537,FY26,0.16440379377186315,0.1516926663281708
GESHIP,500620,Q4FY21,0.2763485563513405,0.160724263350758,24.332978156054363,FY21,0.16440379377186315,0.1516926663281708
GESHIP,500620,Q4FY22,0.6489759455726789,0.2511713445322382,24.469368907880387,FY22,0.16440379377186315,0.1516926663281708
GESHIP,500620,Q4FY23,0.7590787739712449,0.8352265357238651,25.140846914316707,FY23,0.25060046557979476,0.35515933261705673
GESHIP,500620,Q4FY24,0.8063104273567216,0.7653736085998327,25.626475091108812,FY24,0.21086433097128846,0.24588120944226433
GESHIP,500620,Q4FY25,1.006794137416104,-0.021848482366200336,25.586395352964537,FY25,0.16440379377186315,0.1516926663281708
GESHIP,500620,Q4FY26,0.7930748808472259,0.5472102360294436,26.03139835538782,FY26,0.16440379377186315,0.1516926663281708
GICRE,540755,Q1FY22,0.41955133531916755,0.4033523329924883,26.522019673028144,FY22,,
GICRE,540755,Q1FY23,0.7499260800383543,-0.34553610442633576,25.947465830783845,FY23,0.15286813317055065,
GICRE,540755,Q1FY24,1.3199983631876537,0.7053954449498896,26.408367784899323,FY24,0.12099615339719906,
GICRE,540755,Q1FY25,1.0903056616963926,1.0825946344566875,27.16951236306825,FY25,0.12084367891225485,
GICRE,540755,Q1FY26,1.4475048779178197,0.14415244354351375,27.211813037937503,FY26,0.12084367891225485,
GICRE,540755,Q2FY22,0.30376092827294904,0.05741798288715163,26.159159155028327,FY22,0.12084367891225485,
GICRE,540755,Q2FY23,0.8747847491888939,-0.20401072459695993,26.012573748539893,FY23,0.15286813317055065,
GICRE,540755,Q2FY24,1.4631980969749863,0.8389122821547482,26.65051262806774,FY24,0.12099615339719906,
GICRE,540755,Q2FY25,1.2883958945645406,1.085621948780587,27.238583772139002,FY25,0.12084367891225485,
GICRE,540755,Q2FY26,1.2570841554603809,-0.0818396643239871,27.195240422947215,FY26,0.12084367891225485,
GICRE,540755,Q3FY22,0.3804460568610647,0.01533509149873894,26.129421173577583,FY22,0.12084367891225485,
GICRE,540755,Q3FY23,1.0280671563074548,0.04048605813178287,26.386784363326175,FY23,0.15286813317055065,
GICRE,540755,Q3FY24,1.4168445778506826,1.2958340714870844,26.96289813598445,FY24,0.12099615339719906,
GICRE,540755,Q3FY25,1.2879759032792597,0.5584070573507602,27.35456765052398,FY25,0.12084367891225485,
GICRE,540755,Q3FY26,1.3762470611510769,0.0019126701126742052,27.227667025928884,FY26,0.12084367891225485,
GICRE,540755,Q4FY21,0.24059865449362847,0.3484307631558585,26.477393440155687,FY21,0.12084367891225485,
GICRE,540755,Q4FY22,0.6202371160127669,-0.37577225121015706,25.91696241061387,FY22,0.12084367891225485,
GICRE,540755,Q4FY23,1.0873009107665703,0.21632549797690093,26.096020495500905,FY23,0.15286813317055065,
GICRE,540755,Q4FY24,1.614226414627299,1.646904963943951,27.03097077362888,FY24,0.12099615339719906,
GICRE,540755,Q4FY25,1.199430597472807,-0.014904902506765367,27.301050567194803,FY25,0.12084367891225485,
GICRE,540755,Q4FY26,0.938791971962712,0.06361083527378149,27.17965787243162,FY26,0.12084367891225485,
GLAND,543245,Q1FY22,-0.016827847550007352,0.2998481060958651,27.03909264123353,FY22,,
GLAND,543245,Q1FY23,0.5350343949942262,-0.14679991933732872,26.8020767418125,FY23,0.09813673602369828,0.0005595119417414002
GLAND,543245,Q1FY24,0.0645148645913769,-0.6631550016326428,25.868820174282654,FY24,0.08854583925914301,0.04266078607787875
GLAND,543245,Q1FY25,0.5943140208250699,0.3972372325672374,26.409693371672134,FY25,0.07633545742361192,0.03428498304126409
GLAND,543245,Q1FY26,0.7032600913556655,-0.14895162942576662,26.424742534691287,FY26,0.07633545742361192,0.03428498304126409
GLAND,543245,Q2FY22,0.15529397062095432,0.6432038666653507,27.12189232130973,FY22,0.07633545742361192,0.03428498304126409
GLAND,543245,Q2FY23,0.46250099769188713,-0.3547317657757635,26.54672237651547,FY23,0.09813673602369828,0.0005595119417414002
GLAND,543245,Q2FY24,-0.08628025062334983,-0.33495906382498275,26.324068433449007,FY24,0.08854583925914301,0.04266078607787875
GLAND,543245,Q2FY25,0.5537528741179518,0.18411511438967,26.40396756713729,FY25,0.07633545742361192,0.03428498304126409
GLAND,543245,Q2FY26,0.8407263985042419,0.008130458276903903,26.516672319439397,FY26,0.07633545742361192,0.03428498304126409
GLAND,543245,Q3FY22,0.1569949927985087,0.5345402619702346,27.16004081398373,FY22,0.07633545742361192,0.03428498304126409
GLAND,543245,Q3FY23,0.46637321482246247,-0.4998502283476079,26.263434555190766,FY23,0.09813673602369828,0.0005595119417414002
GLAND,543245,Q3FY24,0.04431661371789927,0.04598874595554831,26.462861789217026,FY24,0.08854583925914301,0.04266078607787875
GLAND,543245,Q3FY25,0.6290141805614967,0.07778887346359213,26.394709423642247,FY25,0.07633545742361192,0.03428498304126409
GLAND,543245,Q3FY26,0.7852242435947268,0.0016615953112924966,26.37122040191756,FY26,0.07633545742361192,0.03428498304126409
GLAND,543245,Q4FY21,0.14252866223623142,0.013482711431208933,26.71576851235683,FY21,0.07633545742361192,0.03428498304126409
GLAND,543245,Q4FY22,0.29584978022947495,0.36561272461068073,26.99379560429263,FY22,0.07633545742361192,0.03428498304126409
GLAND,543245,Q4FY23,0.4269701650597299,-0.6072673587522697,26.045833597874303,FY23,0.09813673602369828,0.0005595119417414002
GLAND,543245,Q4FY24,0.33796322416511937,0.3667313100304325,26.420810329626168,FY24,0.08854583925914301,0.04266078607787875
GLAND,543245,Q4FY25,0.6889575866119246,-0.17915950732777886,26.28370360268966,FY25,0.07633545742361192,0.03428498304126409
GLAND,543245,Q4FY26,0.7319423311050689,0.3047897367113584,26.356065479413445,FY26,0.07633545742361192,0.03428498304126409
GMDCLTD,532181,Q1FY22,1.3398282906251402,0.30874308269749456,23.677214149456134,FY22,,
GMDCLTD,532181,Q1FY23,1.1167723437007353,1.1077794814527773,24.36995295803059,FY23,0.20819560831851916,0.0003574312114748729
GMDCLTD,532181,Q1FY24,1.0327902558883417,0.3108859134018363,24.600251969236034,FY24,0.0979320430051117,0.00046231478718765064
GMDCLTD,532181,Q1FY25,1.7957672532802214,1.460854447911118,25.50651390790109,FY25,0.10695848552810937,0.01972007598561389
GMDCLTD,532181,Q1FY26,1.679352034673249,-0.10438400605509665,25.579001066289294,FY26,0.10695848552810937,0.01972007598561389
GMDCLTD,532181,Q2FY22,1.2656900316159911,0.2777776561964862,23.776735833564224,FY22,0.10695848552810937,0.01972007598561389
GMDCLTD,532181,Q2FY23,1.1105573001918467,1.6560955645762234,24.402397835599782,FY23,0.20819560831851916,0.0003574312114748729
GMDCLTD,532181,Q2FY24,1.1791214833286028,0.4952795586582853,25.292206232217133,FY24,0.0979320430051117,0.00046231478718765064
GMDCLTD,532181,Q2FY25,1.6955309890279184,1.115462418969024,25.444080397960175,FY25,0.10695848552810937,0.01972007598561389
GMDCLTD,532181,Q2FY26,1.9287721122357118,0.19663705079222207,25.972906987453044,FY26,0.10695848552810937,0.01972007598561389
GMDCLTD,532181,Q3FY22,1.2069599769879322,0.2102601254333349,23.76486406401669,FY22,0.10695848552810937,0.01972007598561389
GMDCLTD,532181,Q3FY23,1.186940073602942,1.4021661822181888,24.479631650825716,FY23,0.20819560831851916,0.0003574312114748729
GMDCLTD,532181,Q3FY24,1.2266103234053565,1.9274682733524349,25.54164465846228,FY24,0.0979320430051117,0.00046231478718765064
GMDCLTD,532181,Q3FY25,1.734978626069187,-0.09409020649039775,25.332879232336406,FY25,0.10695848552810937,0.01972007598561389
GMDCLTD,532181,Q3FY26,1.8752563454512379,0.6443921180207187,25.972406089469576,FY26,0.10695848552810937,0.01972007598561389
GMDCLTD,532181,Q4FY21,1.0362307723623232,0.1302366994972635,23.47178315857339,FY21,0.10695848552810937,0.01972007598561389
GMDCLTD,532181,Q4FY22,1.2115980689285886,1.3756607107746843,24.70853550642691,FY22,0.10695848552810937,0.01972007598561389
GMDCLTD,532181,Q4FY23,1.1730447725307829,-0.020010662604255866,24.332615444042613,FY23,0.20819560831851916,0.0003574312114748729
GMDCLTD,532181,Q4FY24,1.5852323701170143,2.0231690525801644,25.373327830379097,FY24,0.0979320430051117,0.00046231478718765064
GMDCLTD,532181,Q4FY25,1.7478324301204355,-0.36102136210188396,25.139508781036053,FY25,0.10695848552810937,0.01972007598561389
GMDCLTD,532181,Q4FY26,1.5602749926707402,1.2532635872207702,25.916421044627455,FY26,0.10695848552810937,0.01972007598561389
GMRAIRPORT,532754,Q1FY22,1.1000970035785498,-0.03383463314296501,26.43537905560662,FY22,,
GMRAIRPORT,532754,Q1FY23,1.38122055970517,0.5986824102495091,26.609539475822086,FY23,0.22611569413960997,-42.01207144478922
GMRAIRPORT,532754,Q1FY24,1.068515704039163,0.1172413793103464,26.85759025583991,FY24,0.25842359160136036,-16.58222589827
GMRAIRPORT,532754,Q1FY25,1.6249514407234404,0.9333333333333338,27.650510267098472,FY25,0.15692532615382157,-15.261210663811905
GMRAIRPORT,532754,Q1FY26,1.1848429011889883,-0.03300742056260048,27.525126220992913,FY26,0.15692532615382157,-15.261210663811905
GMRAIRPORT,532754,Q2FY22,1.0154778642541797,0.09210520451268527,26.622667219593772,FY22,0.15692532615382157,-15.261210663811905
GMRAIRPORT,532754,Q2FY23,1.3529883734209243,0.4825286136978314,26.65118227106802,FY23,0.22611569413960997,-42.01207144478922
GMRAIRPORT,532754,Q2FY24,1.0870095653746077,0.7878337874181327,27.16705841926936,FY24,0.25842359160136036,-16.58222589827
GMRAIRPORT,532754,Q2FY25,1.7536437525545605,0.7726079682800425,27.62417498684086,FY25,0.15692532615382157,-15.261210663811905
GMRAIRPORT,532754,Q2FY26,1.0328933392728978,-0.08869111225867093,27.548446432197508,FY26,0.15692532615382157,-15.261210663811905
GMRAIRPORT,532754,Q3FY22,1.063116060506986,0.5526315454358206,26.799104567364594,FY22,0.15692532615382157,-15.261210663811905
GMRAIRPORT,532754,Q3FY23,1.3853730852981143,0.22612524542131068,26.762851977380137,FY23,0.22611569413960997,-42.01207144478922
GMRAIRPORT,532754,Q3FY24,1.1607852973337753,0.5952381072521333,27.469120283789284,FY24,0.25842359160136036,-16.58222589827
GMRAIRPORT,532754,Q3FY25,1.7331359523271943,0.44211434981328984,27.444104769249044,FY25,0.15692532615382157,-15.261210663811905
GMRAIRPORT,532754,Q3FY26,0.8875823978642772,0.3423119605003074,27.728184440427576,FY26,0.15692532615382157,-15.261210663811905
GMRAIRPORT,532754,Q4FY21,0.9466046717919897,-0.020676746784009527,26.166389120276577,FY21,0.15692532615382157,-15.261210663811905
GMRAIRPORT,532754,Q4FY22,1.39366978514738,0.6793498659217211,26.689807804321894,FY22,0.15692532615382157,-15.261210663811905
GMRAIRPORT,532754,Q4FY23,1.2041817748847583,-0.01940491514593578,26.782777898026435,FY23,0.22611569413960997,-42.01207144478922
GMRAIRPORT,532754,Q4FY24,1.2561309174747661,1.2825520323692943,27.482071379550362,FY24,0.25842359160136036,-16.58222589827
GMRAIRPORT,532754,Q4FY25,1.6621022761710695,-0.2299117238617224,27.407416563733186,FY25,0.15692532615382157,-15.261210663811905
GMRAIRPORT,532754,Q4FY26,1.1567289987867477,0.44469551236626936,27.519947882540357,FY26,0.15692532615382157,-15.261210663811905
GODFRYPHLP,500163,Q1FY22,0.41028369164153555,-0.0827904418325167,24.56216645243515,FY22,,
GODFRYPHLP,500163,Q1FY23,0.779368465039604,0.30230806934216947,24.660972285877225,FY23,0.19461108063482951,0.09970875710952867
GODFRYPHLP,500163,Q1FY24,1.2899593994495144,0.5221672624026912,25.14898687522169,FY24,0.2086528997728842,0.08129296227403315
GODFRYPHLP,500163,Q1FY25,0.6761846277180594,1.2779219908358488,26.06434088660079,FY25,0.20435958867028503,0.03383395452680765
GODFRYPHLP,500163,Q1FY26,1.1600915641457665,1.2936821280414639,26.857977154345576,FY26,0.20435958867028503,0.03383395452680765
GODFRYPHLP,500163,Q2FY22,0.39747495853383913,0.017499446740706026,24.782237525167957,FY22,0.20435958867028503,0.03383395452680765
GODFRYPHLP,500163,Q2FY23,0.8146851162307543,0.14841120166741034,24.76479952979462,FY23,0.19461108063482951,0.09970875710952867
GODFRYPHLP,500163,Q2FY24,1.2834322534874807,0.919482161488676,25.42557352855223,FY24,0.2086528997728842,0.08129296227403315
GODFRYPHLP,500163,Q2FY25,0.7734889977787197,1.9935927737137347,26.600096579623376,FY25,0.20435958867028503,0.03383395452680765
GODFRYPHLP,500163,Q2FY26,1.170092420009539,0.8643327847195248,26.98643882670262,FY26,0.20435958867028503,0.03383395452680765
GODFRYPHLP,500163,Q3FY22,0.5216841840712898,0.3220464713432,24.72226597035924,FY22,0.20435958867028503,0.03383395452680765
GODFRYPHLP,500163,Q3FY23,0.9410700814932149,0.5749860030431431,25.30930539574681,FY23,0.19461108063482951,0.09970875710952867
GODFRYPHLP,500163,Q3FY24,1.0306563100399864,0.12697995728598588,25.393538819006565,FY24,0.2086528997728842,0.08129296227403315
GODFRYPHLP,500163,Q3FY25,0.9081959772475892,1.7746543977838398,26.31733850642154,FY25,0.20435958867028503,0.03383395452680765
GODFRYPHLP,500163,Q3FY26,1.233319790295611,0.5003948139740458,26.789068597992557,FY26,0.20435958867028503,0.03383395452680765
GODFRYPHLP,500163,Q4FY21,0.315354191288896,-0.09193305801214371,24.49282771608492,FY21,0.20435958867028503,0.03383395452680765
GODFRYPHLP,500163,Q4FY22,0.7465394673416306,0.1557948868328935,24.61305989792604,FY22,0.20435958867028503,0.03383395452680765
GODFRYPHLP,500163,Q4FY23,1.086046659811577,0.7870830569561251,25.22556452138811,FY23,0.19461108063482951,0.09970875710952867
GODFRYPHLP,500163,Q4FY24,0.6586839388229453,0.6134330200071526,25.77530816795974,FY24,0.2086528997728842,0.08129296227403315
GODFRYPHLP,500163,Q4FY25,1.0100560176466664,1.1616559278012901,26.575749921673843,FY25,0.20435958867028503,0.03383395452680765
GODFRYPHLP,500163,Q4FY26,1.2346686824357338,-0.07204277801706827,26.400813253534594,FY26,0.20435958867028503,0.03383395452680765
GODREJIND,500164,Q1FY22,0.3189143373845435,0.2296573371865132,25.983016155575903,FY22,,
GODREJIND,500164,Q1FY23,0.6861312960186967,-0.10408988028184397,25.707713083021428,FY23,0.1220874017444278,2.460136668553708
GODREJIND,500164,Q1FY24,0.6825997815993631,0.10642221733202716,25.884699794603506,FY24,0.007495022690034507,3.6238953371385434
GODREJIND,500164,Q1FY25,0.5425480988149357,0.8193385977315951,26.387167792125663,FY25,0.09667301709888351,3.751926308717692
GODREJIND,500164,Q1FY26,0.9901337794292449,0.43826627851756134,26.762868377642175,FY26,0.09667301709888351,3.751926308717692
GODREJIND,500164,Q2FY22,0.3844770577346329,0.3028677914316702,25.99657577024701,FY22,0.09667301709888351,3.751926308717692
GODREJIND,500164,Q2FY23,0.6785219485533053,-0.13957067203462103,25.719513629788835,FY23,0.1220874017444278,2.460136668553708
GODREJIND,500164,Q2FY24,0.6143540386201323,0.08620696103810464,25.980036396715793,FY24,0.007495022690034507,3.6238953371385434
GODREJIND,500164,Q2FY25,0.6133781845539453,1.045298651998689,26.754245242142332,FY25,0.09667301709888351,3.751926308717692
GODREJIND,500164,Q2FY26,0.9970005386625476,0.21246038548635363,26.726506675998376,FY26,0.09667301709888351,3.751926308717692
GODREJIND,500164,Q3FY22,0.46150480693883966,0.3472837113758575,26.0780319566939,FY22,0.09667301709888351,3.751926308717692
GODREJIND,500164,Q3FY23,0.6799778491509438,-0.20649912287085737,25.69856682601838,FY23,0.1220874017444278,2.460136668553708
GODREJIND,500164,Q3FY24,0.7389542567445309,0.6117372951794559,26.247659923812606,FY24,0.007495022690034507,3.6238953371385434
GODREJIND,500164,Q3FY25,0.6304368996923457,0.6096028647586728,26.696520053632295,FY25,0.09667301709888351,3.751926308717692
GODREJIND,500164,Q3FY26,0.9535019134492295,-0.005105923353552872,26.545166644651133,FY26,0.09667301709888351,3.751926308717692
GODREJIND,500164,Q4FY21,0.2736781531237631,0.040918672325238166,25.937175212143718,FY21,0.09667301709888351,3.751926308717692
GODREJIND,500164,Q4FY22,0.5887730549014507,0.20205992422062521,25.77489876893992,FY22,0.09667301709888351,3.751926308717692
GODREJIND,500164,Q4FY23,0.7238835606183235,-0.1635076021769535,25.636057753715296,FY23,0.1220874017444278,2.460136668553708
GODREJIND,500164,Q4FY24,0.7481882537991478,0.9110848768702084,26.29744425492388,FY24,0.007495022690034507,3.6238953371385434
GODREJIND,500164,Q4FY25,0.729102511781053,0.372871957936492,26.668652988912363,FY25,0.09667301709888351,3.751926308717692
GODREJIND,500164,Q4FY26,1.0260875784182015,0.23077831392973913,26.253753200230886,FY26,0.09667301709888351,3.751926308717692
GPIL,532734,Q1FY22,0.8463688451379172,0.8589437725929974,26.061432118035963,FY22,,
GPIL,532734,Q1FY23,1.153591097349812,0.22278155601641184,25.792638582231582,FY23,0.2031523671879857,0.08108743048564616
GPIL,532734,Q1FY24,1.078281686211491,0.23992428398896937,26.548128110912142,FY24,0.20804406323062652,0.0114831684069471
GPIL,532734,Q1FY25,0.7667088359579718,-0.52726079177576,25.63978826885043,FY25,0.16544436360440268,0.06294934150425177
GPIL,532734,Q1FY26,1.2373993733882176,0.03464422345572855,25.52963646569003,FY26,0.16544436360440268,0.06294934150425177
GPIL,532734,Q2FY22,0.6560767899620281,1.328798038485293,26.039878765149133,FY22,0.16544436360440268,0.06294934150425177
GPIL,532734,Q2FY23,1.2347805023605436,0.09329831708317406,25.908126679182292,FY23,0.2031523671879857,0.08108743048564616
GPIL,532734,Q2FY24,1.0209622429941434,0.965407306433521,26.730680340155313,FY24,0.20804406323062652,0.0114831684069471
GPIL,532734,Q2FY25,0.7660662176990336,-0.6774930472474724,25.68850541686379,FY25,0.16544436360440268,0.06294934150425177
GPIL,532734,Q2FY26,1.3357137308564897,0.27267777156711626,25.7911766651049,FY26,0.16544436360440268,0.06294934150425177
GPIL,532734,Q3FY22,0.8526396282214614,1.1215048553603446,25.898019201400086,FY22,0.16544436360440268,0.06294934150425177
GPIL,532734,Q3FY23,1.2036323833633666,0.2698003640623995,26.199703238528667,FY23,0.2031523671879857,0.08108743048564616
GPIL,532734,Q3FY24,1.2390616600910735,1.1450956412534863,26.908506507772987,FY24,0.20804406323062652,0.0114831684069471
GPIL,532734,Q3FY25,0.7071821400802563,-0.7200207112676462,25.594491750360202,FY25,0.16544436360440268,0.06294934150425177
GPIL,532734,Q3FY26,1.4542418087542077,0.27468208291197455,25.87449456158428,FY26,0.16544436360440268,0.06294934150425177
GPIL,532734,Q4FY21,0.5802912157845774,0.16395121572890456,25.461493110812814,FY21,0.16544436360440268,0.06294934150425177
GPIL,532734,Q4FY22,1.078532748759582,1.4798479568737348,26.22938091911739,FY22,0.16544436360440268,0.06294934150425177
GPIL,532734,Q4FY23,1.2311019472093845,0.10020742850796137,26.132776039962078,FY23,0.2031523671879857,0.08108743048564616
GPIL,532734,Q4FY24,0.9477017623089625,-0.5664132559671083,25.299663108618514,FY24,0.20804406323062652,0.0114831684069471
GPIL,532734,Q4FY25,0.9277371594480017,0.07204231251939977,25.479451287905253,FY25,0.16544436360440268,0.06294934150425177
GPIL,532734,Q4FY26,1.3325566042799486,0.5061277284601409,25.88470266523633,FY26,0.16544436360440268,0.06294934150425177
GRSE,542011,Q1FY22,0.6677695344101662,-0.08099337295893952,23.805234785636664,FY22,,
GRSE,542011,Q1FY23,1.2592033189914367,0.414749775372759,23.929598044001345,FY23,0.16135321567316857,0.2207551540421589
GRSE,542011,Q1FY24,1.2481566506055382,0.7211938333670375,24.887067280447205,FY24,0.2134931248460879,0.03924290274356596
GRSE,542011,Q1FY25,1.356757243375552,1.8400667868577107,26.19209072499669,FY25,0.25364946723414994,0.004650110539198901
GRSE,542011,Q1FY26,1.492724149732817,1.0712684613073997,26.560961825377028,FY26,0.25364946723414994,0.004650110539198901
GRSE,542011,Q2FY22,0.7092927921538957,-0.04486949722742796,23.75888345225815,FY22,0.25364946723414994,0.004650110539198901
GRSE,542011,Q2FY23,1.2165812584653861,0.7332986284532826,24.373994667285565,FY23,0.16135321567316857,0.2207551540421589
GRSE,542011,Q2FY24,1.579628743861987,1.999998481366775,25.26776950560881,FY24,0.2134931248460879,0.03924290274356596
GRSE,542011,Q2FY25,1.3503403324866912,1.445249762032135,25.995094558154022,FY25,0.25364946723414994,0.004650110539198901
GRSE,542011,Q2FY26,1.5817685864016346,0.4072505032896319,26.3872410712712,FY26,0.25364946723414994,0.004650110539198901
GRSE,542011,Q3FY22,0.8551126222499883,0.20109871449463568,23.90338003794692,FY22,0.25364946723414994,0.004650110539198901
GRSE,542011,Q3FY23,1.315223452958701,1.2677606519288265,24.703312756650227,FY23,0.16135321567316857,0.2207551540421589
GRSE,542011,Q3FY24,1.4289575061676691,0.6292391041446715,25.30528087062214,FY24,0.2134931248460879,0.03924290274356596
GRSE,542011,Q3FY25,1.5081914827122676,1.1582361574531352,25.93160642115685,FY25,0.25364946723414994,0.004650110539198901
GRSE,542011,Q3FY26,1.6304068148968942,0.7942681838889636,26.35520031925041,FY26,0.25364946723414994,0.004650110539198901
GRSE,542011,Q4FY21,0.6726617506833259,0.0006007705309062142,23.70813126502422,FY21,0.25364946723414994,0.004650110539198901
GRSE,542011,Q4FY22,0.9880757764238932,0.13191927746612114,23.94090989125055,FY22,0.25364946723414994,0.004650110539198901
GRSE,542011,Q4FY23,1.4461408995402962,0.906194736801803,24.65335195392801,FY23,0.16135321567316857,0.2207551540421589
GRSE,542011,Q4FY24,1.0161095646303175,0.864864509850547,25.182310318749945,FY24,0.2134931248460879,0.03924290274356596
GRSE,542011,Q4FY25,1.7937092516467166,0.6398932757320712,25.979476622542734,FY25,0.25364946723414994,0.004650110539198901
GRSE,542011,Q4FY26,1.4055745250898632,0.9964983266028028,26.14374858349673,FY26,0.25364946723414994,0.004650110539198901
HAL,541154,Q1FY22,0.5940737215817964,0.22082014257068772,26.475917793610186,FY22,,
HAL,541154,Q1FY23,0.8247465324810352,0.8865434381273468,27.054810090859778,FY23,0.24722988781252453,0.00011242080166637324
HAL,541154,Q1FY24,0.9929479503071641,0.8200917966628455,27.835952494446587,FY24,0.26154868339363796,3.775116968567346e-05
HAL,541154,Q1FY25,1.6696453581410275,2.3018558224350962,28.86804799004003,FY25,0.2391007732348511,3.3160280501669304e-05
HAL,541154,Q1FY26,1.2541289527420556,-0.027623836677996092,28.80012966975999,FY26,0.2391007732348511,3.3160280501669304e-05
HAL,541154,Q2FY22,0.5378004126428315,0.6279970715684423,26.75774731589043,FY22,0.2391007732348511,3.3160280501669304e-05
HAL,541154,Q2FY23,0.8930526396878095,0.8475192388107307,27.34049332687665,FY23,0.24722988781252453,0.00011242080166637324
HAL,541154,Q2FY24,0.9936984242339539,0.7939637489236709,27.85636325389628,FY24,0.26154868339363796,3.775116968567346e-05
HAL,541154,Q2FY25,1.6323019977972333,1.5052292659903173,28.696144826772287,FY25,0.2391007732348511,3.3160280501669304e-05
HAL,541154,Q2FY26,1.322228573563144,-0.05183363956785268,28.777846953534365,FY26,0.2391007732348511,3.3160280501669304e-05
HAL,541154,Q3FY22,0.6956396172261914,0.5552905957584747,26.655838892831362,FY22,0.2391007732348511,3.3160280501669304e-05
HAL,541154,Q3FY23,0.8973150403498482,1.2104100818109262,27.42446931160403,FY23,0.24722988781252453,0.00011242080166637324
HAL,541154,Q3FY24,1.001997042096516,0.7361309922488786,28.230849142384656,FY24,0.26154868339363796,3.775116968567346e-05
HAL,541154,Q3FY25,1.7000123106218523,1.1066316300144543,28.639774445356487,FY25,0.2391007732348511,3.3160280501669304e-05
HAL,541154,Q3FY26,1.1799438696024047,0.049110559408694306,28.699472548433263,FY26,0.2391007732348511,3.3160280501669304e-05
HAL,541154,Q4FY21,0.5215608293260799,0.2687327107465704,26.449289065564514,FY21,0.2391007732348511,3.3160280501669304e-05
HAL,541154,Q4FY22,0.8365569470183458,0.37596985843837555,26.87929091573623,FY22,0.2391007732348511,3.3160280501669304e-05
HAL,541154,Q4FY23,0.9051390640428629,0.98823713164021,27.507631528604858,FY23,0.24722988781252453,0.00011242080166637324
HAL,541154,Q4FY24,1.1121055048893655,1.5020914045030014,28.40918034817628,FY24,0.26154868339363796,3.775116968567346e-05
HAL,541154,Q4FY25,1.8612461160579281,0.1085135629460508,28.64677797347799,FY25,0.2391007732348511,3.3160280501669304e-05
HAL,541154,Q4FY26,0.9091109575688342,0.20541851075881418,28.47781262557541,FY26,0.2391007732348511,3.3160280501669304e-05
HATSUN,531531,Q1FY22,0.4759143567601536,0.17707269657004512,25.968105613665095,FY22,,
HATSUN,531531,Q1FY23,0.4951361284421232,0.08115608529267612,25.960336106150336,FY23,0.1151238404405042,1.2444612822143821
HATSUN,531531,Q1FY24,0.473146384068712,0.03175206422408629,26.030388077142074,FY24,0.1699920496104309,1.7162028939418033
HATSUN,531531,Q1FY25,0.27557325524944665,0.16313684028436265,26.143707016152984,FY25,0.1623291180511889,1.4965707165979645
HATSUN,531531,Q1FY26,0.7369402720019906,-0.0327809537102838,26.079208418129614,FY26,0.1623291180511889,1.4965707165979645
HATSUN,531531,Q2FY22,0.4748934833335854,0.5165134559172959,26.429992069834693,FY22,0.1623291180511889,1.4965707165979645
HATSUN,531531,Q2FY23,0.5126513237885932,-0.006462186157620865,26.14069923976031,FY23,0.1151238404405042,1.2444612822143821
HATSUN,531531,Q2FY24,0.3678551743977111,0.21287660571077052,26.25523273535321,FY24,0.1699920496104309,1.7162028939418033
HATSUN,531531,Q2FY25,0.25366383199198766,0.11588604220960112,26.296504789747548,FY25,0.1623291180511889,1.4965707165979645
HATSUN,531531,Q2FY26,0.8476291334108677,-0.3131005201886311,26.038069633926547,FY26,0.1623291180511889,1.4965707165979645
HATSUN,531531,Q3FY22,0.4187062415548781,0.8441151598436895,26.321303103043554,FY22,0.1623291180511889,1.4965707165979645
HATSUN,531531,Q3FY23,0.5683540865545791,-0.2513058714397239,26.01744669556258,FY23,0.1151238404405042,1.2444612822143821
HATSUN,531531,Q3FY24,0.10979440212892527,0.20486917844204075,26.24788262527538,FY24,0.1699920496104309,1.7162028939418033
HATSUN,531531,Q3FY25,0.5562977606803041,-0.01985054134125381,26.127744833672427,FY25,0.1623291180511889,1.4965707165979645
HATSUN,531531,Q3FY26,0.8633844591503661,-0.028634381444598418,26.106244200627284,FY26,0.1623291180511889,1.4965707165979645
HATSUN,531531,Q4FY21,0.40029004448620226,-0.008573426922965382,25.75870016011328,FY21,0.1623291180511889,1.4965707165979645
HATSUN,531531,Q4FY22,0.5214780313819907,0.5414321904743401,26.156389510321244,FY22,0.1623291180511889,1.4965707165979645
HATSUN,531531,Q4FY23,0.47791783213055916,-0.15727042785991857,25.9405317992762,FY23,0.1151238404405042,1.2444612822143821
HATSUN,531531,Q4FY24,0.12769997834910152,0.2542614705436342,26.1294736413796,FY24,0.1699920496104309,1.7162028939418033
HATSUN,531531,Q4FY25,0.6320915984090772,-0.11803106373629642,26.086547469839648,FY25,0.1623291180511889,1.4965707165979645
HATSUN,531531,Q4FY26,0.7936793074423256,-0.0621252447106857,26.04956118320299,FY26,0.1623291180511889,1.4965707165979645
HCLTECH,532281,Q1FY22,0.7662675593584665,0.02192998055791022,28.42571432249484,FY22,,
HCLTECH,532281,Q1FY23,0.9195545924850199,0.12318321747004095,28.45433746564004,FY23,0.22706215121168105,0.07317483372830823
HCLTECH,532281,Q1FY24,0.9487865763553993,0.2317737466015059,28.70076221115068,FY24,0.2300221203287286,0.08432093520648082
HCLTECH,532281,Q1FY25,0.644004075806936,0.302980536860755,28.945820179232896,FY25,0.24965903380948962,0.09014428253535281
HCLTECH,532281,Q1FY26,1.0684449244761007,0.26088202515829445,29.15070274861646,FY26,0.24965903380948962,0.09014428253535281
HCLTECH,532281,Q2FY22,0.7797804755992099,0.27855153313179665,28.694876746220427,FY22,0.24965903380948962,0.09014428253535281
HCLTECH,532281,Q2FY23,0.9013239720853026,-0.17088448266815265,28.422574460568253,FY23,0.22706215121168105,0.07317483372830823
HCLTECH,532281,Q2FY24,0.9629023237174492,0.2893288791983717,28.74803290422307,FY24,0.2300221203287286,0.08432093520648082
HCLTECH,532281,Q2FY25,0.6938043187402532,0.5519029847351865,29.160913334427033,FY25,0.24965903380948962,0.09014428253535281
HCLTECH,532281,Q2FY26,1.0445572935875482,-0.11073236085519052,28.936966072710785,FY26,0.24965903380948962,0.09014428253535281
HCLTECH,532281,Q3FY22,0.7950489851157996,0.29162291414321506,28.733461766523746,FY22,0.24965903380948962,0.09014428253535281
HCLTECH,532281,Q3FY23,0.9290322116185924,0.07200190172678346,28.541127058846065,FY23,0.22706215121168105,0.07317483372830823
HCLTECH,532281,Q3FY24,0.9793874112979944,0.26339931771040437,28.929243348940453,FY24,0.2300221203287286,0.08432093520648082
HCLTECH,532281,Q3FY25,0.6673193207155252,0.4442717317070767,29.232796078522608,FY25,0.24965903380948962,0.09014428253535281
HCLTECH,532281,Q3FY26,1.174450173327781,-0.10222326351169357,29.10360726089624,FY26,0.24965903380948962,0.09014428253535281
HCLTECH,532281,Q4FY21,0.910932242212257,-0.039342374237799245,28.407378328002874,FY21,0.24965903380948962,0.09014428253535281
HCLTECH,532281,Q4FY22,0.777787992228715,0.2747357941429668,28.616533380062005,FY22,0.24965903380948962,0.09014428253535281
HCLTECH,532281,Q4FY23,0.994755860034193,-0.020711645046464985,28.593397836154196,FY23,0.22706215121168105,0.07317483372830823
HCLTECH,532281,Q4FY24,0.9848218788667469,0.5198448799113051,28.988407227886466,FY24,0.2300221203287286,0.08432093520648082
HCLTECH,532281,Q4FY25,0.6550649976016824,0.021487452577542556,29.05722511438383,FY25,0.24965903380948962,0.09014428253535281
HCLTECH,532281,Q4FY26,0.9917695626086048,-0.17328424584962132,28.9202271117329,FY26,0.24965903380948962,0.09014428253535281
HDFCAMC,541729,Q1FY22,0.8603654002955237,-0.01105727396205863,27.077988618100054,FY22,,
HDFCAMC,541729,Q1FY23,0.9881617432157787,-0.3394957529838146,26.613149422106407,FY23,0.23304059386163967,0.021361140308653496
HDFCAMC,541729,Q1FY24,1.1554939719571353,0.17777772936209013,26.885008788838963,FY24,0.27458477090491745,0.021361140308653496
HDFCAMC,541729,Q1FY25,1.5447738309793793,1.1997700379911458,27.456201864612765,FY25,0.30260714048497045,0.021361140308653496
HDFCAMC,541729,Q1FY26,1.3086036655052466,0.27553352563999883,27.737256837701494,FY26,0.30260714048497045,0.021361140308653496
HDFCAMC,541729,Q2FY22,0.8780217162697683,0.037295388927386264,27.074950607240176,FY22,0.30260714048497045,0.021361140308653496
HDFCAMC,541729,Q2FY23,1.0215640577103136,-0.29916412642816076,26.665986950146774,FY23,0.23304059386163967,0.021361140308653496
HDFCAMC,541729,Q2FY24,1.1927764800574139,0.2086477425017344,27.027589753731394,FY24,0.27458477090491745,0.021361140308653496
HDFCAMC,541729,Q2FY25,1.3820049917953987,0.7983569262980542,27.530036074978334,FY25,0.30260714048497045,0.021361140308653496
HDFCAMC,541729,Q2FY26,1.4377726429502973,0.26109738318355086,27.800816210405372,FY26,0.30260714048497045,0.021361140308653496
HDFCAMC,541729,Q3FY22,0.8722898194928943,-0.1373472870202601,26.90177372882951,FY22,0.30260714048497045,0.021361140308653496
HDFCAMC,541729,Q3FY23,1.0663689336306734,-0.1047948936599601,26.809634565004583,FY23,0.23304059386163967,0.021361140308653496
HDFCAMC,541729,Q3FY24,1.2048216043757745,0.4269919465437371,27.21870488534258,FY24,0.27458477090491745,0.021361140308653496
HDFCAMC,541729,Q3FY25,1.4055381586371865,0.4864126061890241,27.506442164464573,FY25,0.30260714048497045,0.021361140308653496
HDFCAMC,541729,Q3FY26,1.432097336221155,0.27334692651688214,27.766225682922276,FY26,0.30260714048497045,0.021361140308653496
HDFCAMC,541729,Q4FY21,0.8685103639436835,-0.020363132718879184,27.06701823903771,FY21,0.30260714048497045,0.021361140308653496
HDFCAMC,541729,Q4FY22,0.9568615010466544,-0.2644487990966835,26.77090766598417,FY22,0.30260714048497045,0.021361140308653496
HDFCAMC,541729,Q4FY23,1.0355075450525244,-0.15222942551277208,26.564857050219754,FY23,0.23304059386163967,0.021361140308653496
HDFCAMC,541729,Q4FY24,1.1506876219663638,1.0893962777887682,27.37684148869347,FY24,0.27458477090491745,0.021361140308653496
HDFCAMC,541729,Q4FY25,1.4877635779601104,0.015252558507204902,27.461347226382898,FY25,0.30260714048497045,0.021361140308653496
HDFCAMC,541729,Q4FY26,1.434465879618946,0.4957224440864808,27.579207811972555,FY26,0.30260714048497045,0.021361140308653496
HDFCBANK,500180,Q1FY22,1.2361146871793394,0.060804683658518086,30.025915755046253,FY22,,
HDFCBANK,500180,Q1FY23,1.0252576829285518,-0.04416072568520536,29.932033719702105,FY23,0.17012800663086167,1.0822718365530233
HDFCBANK,500180,Q1FY24,1.1351032039080933,0.22616121071464457,30.176265697669177,FY24,0.08962534283327428,1.164987862814699
HDFCBANK,500180,Q1FY25,1.073923600259253,-0.07057956401304584,30.179430499012184,FY25,0.08773190408815736,0.9543063355044986
HDFCBANK,500180,Q1FY26,0.8687342644128954,0.2819008374852044,30.3632152193645,FY26,0.08773190408815736,0.9543063355044986
HDFCBANK,500180,Q2FY22,1.211997528276183,0.1145181494390294,30.088693969519365,FY22,0.08773190408815736,0.9543063355044986
HDFCBANK,500180,Q2FY23,1.0313029849218462,-0.04214903275880201,29.98501880491881,FY23,0.17012800663086167,1.0822718365530233
HDFCBANK,500180,Q2FY24,1.1996812362508318,0.0841595009207968,30.067660740809163,FY24,0.08962534283327428,1.164987862814699
HDFCBANK,500180,Q2FY25,1.0095186859670915,0.043063157184373334,30.207682997268698,FY25,0.08773190408815736,0.9543063355044986
HDFCBANK,500180,Q2FY26,0.9092648713227658,0.1765522189697659,30.31470970027379,FY26,0.08773190408815736,0.9543063355044986
HDFCBANK,500180,Q3FY22,1.1180804182102309,0.07529795369392304,30.01348836906508,FY22,0.08773190408815736,0.9543063355044986
HDFCBANK,500180,Q3FY23,1.0865515410642483,0.0996240491414717,30.120856074488234,FY23,0.17012800663086167,1.0822718365530233
HDFCBANK,500180,Q3FY24,1.127186247211537,-0.011266327800958095,30.18086894899746,FY24,0.08962534283327428,1.164987862814699
HDFCBANK,500180,Q3FY25,0.9945759211877305,0.20952424515630327,30.230965738105017,FY25,0.08773190408815736,0.9543063355044986
HDFCBANK,500180,Q3FY26,0.8962116518634798,0.13762740914432167,30.35611198035874,FY26,0.08773190408815736,0.9543063355044986
HDFCBANK,500180,Q4FY21,1.1699017750933165,0.07673410392862143,30.01875579663464,FY21,0.08773190408815736,0.9543063355044986
HDFCBANK,500180,Q4FY22,1.0935180223619358,-0.07466220044243112,30.007352084204104,FY22,0.08773190408815736,0.9543063355044986
HDFCBANK,500180,Q4FY23,1.1077893220261363,0.07815219213697067,30.109366249366527,FY23,0.17012800663086167,1.0822718365530233
HDFCBANK,500180,Q4FY24,1.2121311223718412,-0.13871114165378962,30.014928512969508,FY24,0.08962534283327428,1.164987862814699
HDFCBANK,500180,Q4FY25,0.8904718878227,0.1726075128246863,30.26170912664733,FY25,0.08773190408815736,0.9543063355044986
HDFCBANK,500180,Q4FY26,1.072589586149114,0.06772059259099608,30.05236119186604,FY26,0.08773190408815736,0.9543063355044986
HEROMOTOCO,500182,Q1FY22,0.8618803127906883,-0.021087755591787417,26.915767118897275,FY22,,
HEROMOTOCO,500182,Q1FY23,0.8773910808665482,-0.045985013700434146,26.884952846321823,FY23,0.16870992706944282,0.03407508719305313
HEROMOTOCO,500182,Q1FY24,0.7578353200701626,0.10522747591139534,26.990946393338746,FY24,0.2115852266691979,0.03426254257321916
HEROMOTOCO,500182,Q1FY25,0.5601381125297901,0.943444584620001,27.674741610474786,FY25,0.22719338482070398,0.03631841776999217
HEROMOTOCO,500182,Q1FY26,0.9688241145769583,-0.1305992136847079,27.43159949749222,FY26,0.22719338482070398,0.03631841776999217
HEROMOTOCO,500182,Q2FY22,0.8445121891996047,-0.08708047470046117,26.903724804880024,FY22,0.22719338482070398,0.03631841776999217
HEROMOTOCO,500182,Q2FY23,0.8835241619711834,0.12460690616494788,26.832786190238643,FY23,0.16870992706944282,0.03407508719305313
HEROMOTOCO,500182,Q2FY24,0.7672886829598917,0.09142943162368658,27.051463399003612,FY24,0.2115852266691979,0.03426254257321916
HEROMOTOCO,500182,Q2FY25,0.5919715692934775,0.9186131637188991,27.70557856990794,FY25,0.22719338482070398,0.03631841776999217
HEROMOTOCO,500182,Q2FY26,1.0234611639599158,0.01872642153068979,27.70246364621576,FY26,0.22719338482070398,0.03631841776999217
HEROMOTOCO,500182,Q3FY22,0.8257660581254097,-0.17669590394326132,26.76357956161381,FY22,0.22719338482070398,0.03631841776999217
HEROMOTOCO,500182,Q3FY23,0.8988180335670073,0.1751530971854386,26.90454494802864,FY23,0.16870992706944282,0.03407508719305313
HEROMOTOCO,500182,Q3FY24,0.8271143165826551,0.44776555161447645,27.354534690511596,FY24,0.2115852266691979,0.03426254257321916
HEROMOTOCO,500182,Q3FY25,0.6320929935602486,0.4648109247463639,27.388598730993184,FY25,0.22719338482070398,0.03631841776999217
HEROMOTOCO,500182,Q3FY26,1.0455568074277197,0.35388415654493194,27.755573457414663,FY26,0.22719338482070398,0.03631841776999217
HEROMOTOCO,500182,Q4FY21,0.7712877819004686,0.06022118784568079,26.91954955446319,FY21,0.22719338482070398,0.03631841776999217
HEROMOTOCO,500182,Q4FY22,0.9782062650712711,-0.23147795108816735,26.71479359596531,FY22,0.22719338482070398,0.03631841776999217
HEROMOTOCO,500182,Q4FY23,0.7121148301376198,-0.05879914903794629,26.77604606319132,FY23,0.16870992706944282,0.03407508719305313
HEROMOTOCO,500182,Q4FY24,0.9079266576068638,0.85362735877064,27.507920552044492,FY24,0.2115852266691979,0.03426254257321916
HEROMOTOCO,500182,Q4FY25,0.6755275395809535,-0.13372559853470573,27.302236807797673,FY25,0.22719338482070398,0.03631841776999217
HEROMOTOCO,500182,Q4FY26,1.1517137700137634,0.5460952949119151,27.64399118076349,FY26,0.22719338482070398,0.03631841776999217
HINDCOPPER,513599,Q1FY22,0.9642670815808079,1.618358101068136,25.631685694010244,FY22,,
HINDCOPPER,513599,Q1FY23,1.5774474663117515,-0.39322414743208406,25.13104794475866,FY23,0.1418994557756284,0.07533634432045386
HINDCOPPER,513599,Q1FY24,1.428920939714732,0.20552130184485,25.42815036800409,FY24,0.1292310148343986,0.09746752428922609
HINDCOPPER,513599,Q1FY25,2.145910611423438,2.722397806445675,26.44436169064884,FY25,0.17479581424462845,0.06257696613910788
HINDCOPPER,513599,Q1FY26,1.9572188586057018,-0.33201537945910625,26.315274794894982,FY26,0.17479581424462845,0.06257696613910788
HINDCOPPER,513599,Q2FY22,0.9412884289023558,0.9154590410175139,25.364016744958082,FY22,0.17479581424462845,0.06257696613910788
HINDCOPPER,513599,Q2FY23,1.6085178163735896,0.017155229246257984,25.346490607938122,FY23,0.1418994557756284,0.07533634432045386
HINDCOPPER,513599,Q2FY24,1.5504495684744368,0.3364060545738276,25.770173740618315,FY24,0.1292310148343986,0.09746752428922609
HINDCOPPER,513599,Q2FY25,2.168452814744861,1.3768759974404732,26.523339262476846,FY25,0.17479581424462845,0.06257696613910788
HINDCOPPER,513599,Q2FY26,1.971749631853395,-0.2919158076034863,26.48552613323802,FY26,0.17479581424462845,0.06257696613910788
HINDCOPPER,513599,Q3FY22,1.2389216940353323,0.9095508889154652,25.4899018086448,FY22,0.17479581424462845,0.06257696613910788
HINDCOPPER,513599,Q3FY23,1.5406122530482511,0.04204454643876877,25.370966496381524,FY23,0.1418994557756284,0.07533634432045386
HINDCOPPER,513599,Q3FY24,1.6486615650044578,0.5566056430451646,26.291961264801103,FY24,0.1292310148343986,0.09746752428922609
HINDCOPPER,513599,Q3FY25,2.150079197988893,0.7635883166347207,26.196215441201065,FY25,0.17479581424462845,0.06257696613910788
HINDCOPPER,513599,Q3FY26,2.0032504531210176,0.22065028933356967,26.938686096343357,FY26,0.17479581424462845,0.06257696613910788
HINDCOPPER,513599,Q4FY21,0.3795538475368114,1.4130437475807254,25.445331032931257,FY21,0.17479581424462845,0.06257696613910788
HINDCOPPER,513599,Q4FY22,1.6059791511058001,0.19899819656233955,25.397994127975824,FY22,0.17479581424462845,0.06257696613910788
HINDCOPPER,513599,Q4FY23,1.532420142197342,-0.15309527105077916,25.26266170081556,FY23,0.1418994557756284,0.07533634432045386
HINDCOPPER,513599,Q4FY24,1.8598433015460354,1.474458919481804,26.30791235816665,FY24,0.1292310148343986,0.09746752428922609
HINDCOPPER,513599,Q4FY25,2.096225310433219,-0.12792263548802743,26.08020030625047,FY25,0.17479581424462845,0.06257696613910788
HINDCOPPER,513599,Q4FY26,1.8845899547824072,1.7643672037871025,26.806729162374705,FY26,0.17479581424462845,0.06257696613910788
HINDUNILVR,500696,Q1FY22,0.39408624739207143,-0.012251153483401068,29.313405696232433,FY22,,
HINDUNILVR,500696,Q1FY23,0.6498592153404473,0.005606160545756848,29.22584894917778,FY23,0.201176844783715,0.024232665394402036
HINDUNILVR,500696,Q1FY24,0.5870419114482884,0.17856088697977754,29.423525873728572,FY24,0.20065211449099926,0.028974188761763442
HINDUNILVR,500696,Q1FY25,0.2914961561443177,-0.0826689180068771,29.360854722088256,FY25,0.21555807457187967,0.03335897332091818
HINDUNILVR,500696,Q1FY26,0.4878640494988449,0.012544586905733847,29.307990789354328,FY26,0.21555807457187967,0.03335897332091818
HINDUNILVR,500696,Q2FY22,0.3354452570338258,0.149215840334368,29.40257965593656,FY22,0.21555807457187967,0.03335897332091818
HINDUNILVR,500696,Q2FY23,0.7012709111572553,-0.007964049777536007,29.41551420693709,FY23,0.201176844783715,0.024232665394402036
HINDUNILVR,500696,Q2FY24,0.5407613605718449,-0.0071453725134923655,29.340834798619145,FY24,0.20065211449099926,0.028974188761763442
HINDUNILVR,500696,Q2FY25,0.26300342350674943,0.10603309863894331,29.54001737044343,FY25,0.21555807457187967,0.03335897332091818
HINDUNILVR,500696,Q2FY26,0.4463805750354459,-0.02110099316225008,29.39946638585355,FY26,0.21555807457187967,0.03335897332091818
HINDUNILVR,500696,Q3FY22,0.36992405564501996,0.01162134387404474,29.2735130941629,FY22,0.21555807457187967,0.03335897332091818
HINDUNILVR,500696,Q3FY23,0.7393868233754528,0.15814504298768217,29.370682774716318,FY23,0.201176844783715,0.024232665394402036
HINDUNILVR,500696,Q3FY24,0.48761685604262195,0.019335988406320597,29.425517013564164,FY24,0.20065211449099926,0.028974188761763442
HINDUNILVR,500696,Q3FY25,0.3418761957961898,0.0172938411692531,29.311486408407912,FY25,0.21555807457187967,0.03335897332091818
HINDUNILVR,500696,Q3FY26,0.38222848456640063,0.012421037745924155,29.32506083661093,FY26,0.21555807457187967,0.03335897332091818
HINDUNILVR,500696,Q4FY21,0.4041340811358505,-0.1070134259307652,29.289960333980524,FY21,0.21555807457187967,0.03335897332091818
HINDUNILVR,500696,Q4FY22,0.6077203386502736,0.015529397038484648,29.131969028623143,FY22,0.21555807457187967,0.03335897332091818
HINDUNILVR,500696,Q4FY23,0.6500440109397501,0.10556991741153668,29.37040948955757,FY23,0.201176844783715,0.024232665394402036
HINDUNILVR,500696,Q4FY24,0.6744753823098004,-0.041902482907666766,29.26299482554465,FY24,0.20065211449099926,0.028974188761763442
HINDUNILVR,500696,Q4FY25,0.25946020027381284,-0.04003333443560759,29.281826778581266,FY25,0.21555807457187967,0.03335897332091818
HINDUNILVR,500696,Q4FY26,0.5088821153394534,0.05345821873369753,29.205635640948227,FY26,0.21555807457187967,0.03335897332091818
HINDZINC,500188,Q1FY22,0.6925654082110722,0.37021537182743763,27.583769593980787,FY22,,
HINDZINC,500188,Q1FY23,0.7392710939772967,-0.008531888683898248,27.325899204486152,FY23,0.8127899783482834,0.9424682957005877
HINDZINC,500188,Q1FY24,0.5513014014789417,0.28169142620712556,27.778295535204343,FY24,0.5106284962158605,0.6002632444883185
HINDZINC,500188,Q1FY25,0.9398164343417076,1.4309418342854445,28.615084963435613,FY25,0.7769022962629446,0.8656761218670269
HINDZINC,500188,Q1FY26,1.1904465821107308,-0.36018477359337064,28.275495301347636,FY26,0.7769022962629446,0.8656761218670269
HINDZINC,500188,Q2FY22,0.7037176447283487,0.3459526544245785,27.49860528469091,FY22,0.7769022962629446,0.8656761218670269
HINDZINC,500188,Q2FY23,0.7397988635846116,0.01994545096278318,27.467950220202834,FY23,0.8127899783482834,0.9424682957005877
HINDZINC,500188,Q2FY24,0.601097940178383,0.3721970628022507,27.803910711108102,FY24,0.5106284962158605,0.6002632444883185
HINDZINC,500188,Q2FY25,0.8813561420192086,0.7124654538642429,28.403298009278373,FY25,0.7769022962629446,0.8656761218670269
HINDZINC,500188,Q2FY26,1.3447780130895304,-0.1339888191227597,28.343237911632485,FY26,0.7769022962629446,0.8656761218670269
HINDZINC,500188,Q3FY22,0.7506152556885489,0.3942688459942921,27.565312386057943,FY22,0.7769022962629446,0.8656761218670269
HINDZINC,500188,Q3FY23,0.6732535711034848,0.10476847658130654,27.70329377635243,FY23,0.8127899783482834,0.9424682957005877
HINDZINC,500188,Q3FY24,0.7417408416835036,0.13630870045772914,27.852516545927983,FY24,0.5106284962158605,0.6002632444883185
HINDZINC,500188,Q3FY25,0.8631659902859983,0.7790803059128635,28.24049752816934,FY25,0.7769022962629446,0.8656761218670269
HINDZINC,500188,Q3FY26,1.4472525975926191,0.031021052385091875,28.581827924229092,FY26,0.7769022962629446,0.8656761218670269
HINDZINC,500188,Q4FY21,0.5390450172566167,0.24450959563960498,27.365990379205854,FY21,0.7769022962629446,0.8656761218670269
HINDZINC,500188,Q4FY22,0.6545186623154546,0.07698399316769496,27.54409768611893,FY22,0.7769022962629446,0.8656761218670269
HINDZINC,500188,Q4FY23,0.7561295285878744,0.1409641173388665,27.7316746608812,FY23,0.8127899783482834,0.9424682957005877
HINDZINC,500188,Q4FY24,0.6240963400951958,0.08640844561486295,27.768088573119275,FY24,0.5106284962158605,0.6002632444883185
HINDZINC,500188,Q4FY25,1.0551886427484576,0.3822021368835952,28.28002142320907,FY25,0.7769022962629446,0.8656761218670269
HINDZINC,500188,Q4FY26,1.2974611660457005,0.543474831886282,28.383259465548505,FY26,0.7769022962629446,0.8656761218670269
HONAUT,517174,Q1FY22,0.5016018124563446,0.12250843448611443,26.62522062663632,FY22,,
HONAUT,517174,Q1FY23,0.4559155752955425,-0.2627226627312852,26.413750464739604,FY23,0.13736866865297162,0.011384663634938058
HONAUT,517174,Q1FY24,0.8126338387324883,0.3025588985891239,26.625878950654428,FY24,0.13903832288835893,0.01652709223004825
HONAUT,517174,Q1FY25,0.6207695782189735,0.30138437143256874,26.936067541832436,FY25,0.12966173047397356,0.024986380070328364
HONAUT,517174,Q1FY26,0.6277192232048163,-0.25714660940840317,26.575348015418882,FY26,0.12966173047397356,0.024986380070328364
HONAUT,517174,Q2FY22,0.459862899300303,0.07301166287771974,26.716069094820302,FY22,0.12966173047397356,0.024986380070328364
HONAUT,517174,Q2FY23,0.5591064610078857,0.07903766075384121,26.58486350711101,FY23,0.13736866865297162,0.011384663634938058
HONAUT,517174,Q2FY24,0.6742301748549158,-0.07106650089577625,26.583312340830393,FY24,0.13903832288835893,0.01652709223004825
HONAUT,517174,Q2FY25,0.5862263715951619,0.2707690645961612,26.791368605796155,FY25,0.12966173047397356,0.024986380070328364
HONAUT,517174,Q2FY26,0.6710814656807909,-0.26465616290926286,26.488879335415593,FY26,0.12966173047397356,0.024986380070328364
HONAUT,517174,Q3FY22,0.4125946373698439,0.03991374722717321,26.63538514489906,FY22,0.12966173047397356,0.024986380070328364
HONAUT,517174,Q3FY23,0.6676183704997948,0.0672412396287132,26.62642819771299,FY23,0.13736866865297162,0.011384663634938058
HONAUT,517174,Q3FY24,0.47242597070358133,-0.1018310915043673,26.5048700467324,FY24,0.13903832288835893,0.01652709223004825
HONAUT,517174,Q3FY25,0.6577110653571538,0.10782884545044553,26.63658938035447,FY25,0.12966173047397356,0.024986380070328364
HONAUT,517174,Q3FY26,0.6783816465402841,-0.14116992847680515,26.39330592662131,FY26,0.12966173047397356,0.024986380070328364
HONAUT,517174,Q4FY21,0.7765104843273476,0.21633497055258719,26.75187998868493,FY21,0.12966173047397356,0.024986380070328364
HONAUT,517174,Q4FY22,0.41907063840849823,-0.08622175694274088,26.57442022919974,FY22,0.12966173047397356,0.024986380070328364
HONAUT,517174,Q4FY23,0.6286678327003252,-0.1515319237793485,26.490042363123898,FY23,0.13736866865297162,0.011384663634938058
HONAUT,517174,Q4FY24,0.26945132846225894,0.02421169764053626,26.553605907303208,FY24,0.13903832288835893,0.01652709223004825
HONAUT,517174,Q4FY25,0.7840036663076625,-0.09365934389883698,26.41700153119894,FY25,0.12966173047397356,0.024986380070328364
HONAUT,517174,Q4FY26,0.6633049838577416,-0.06732412032779597,26.17324404184451,FY26,0.12966173047397356,0.024986380070328364
HSCL,500184,Q1FY22,0.6354281281470164,0.1693001662631393,24.073403513908882,FY22,,
HSCL,500184,Q1FY23,1.0946959860162595,0.26775445379510554,24.121064014317824,FY23,0.09470588451964336,0.3692704810722675
HSCL,500184,Q1FY24,1.1131546590530705,1.1243572188232118,24.92450440561888,FY24,0.13487488340461926,0.19863459618399834
HSCL,500184,Q1FY25,0.9231507159166161,1.9072207720095113,26.014754497545077,FY25,0.1492940799986243,0.08421869454037481
HSCL,500184,Q1FY26,1.3903513876688698,0.3514967337118191,26.2887498939982,FY26,0.1492940799986243,0.08421869454037481
HSCL,500184,Q2FY22,0.6883042154322085,0.06320529454451475,23.975122027409853,FY22,0.1492940799986243,0.08421869454037481
HSCL,500184,Q2FY23,1.1515050771500626,1.249921057110285,24.63416841097652,FY23,0.09470588451964336,0.3692704810722675
HSCL,500184,Q2FY24,1.027830283114028,1.3303872094964315,25.53111966226704,FY24,0.13487488340461926,0.19863459618399834
HSCL,500184,Q2FY25,0.847811834422086,2.1378821813397493,26.532632836022685,FY25,0.1492940799986243,0.08421869454037481
HSCL,500184,Q2FY26,1.5194898333337588,-0.14591006452589264,26.127184768859685,FY26,0.1492940799986243,0.08421869454037481
HSCL,500184,Q3FY22,0.6829897024858169,0.024610370221979493,23.842560185487606,FY22,0.1492940799986243,0.08421869454037481
HSCL,500184,Q3FY23,1.2826439094985278,1.174480799392496,24.647651855934974,FY23,0.09470588451964336,0.3692704810722675
HSCL,500184,Q3FY24,1.1247707362081334,1.679209050467767,25.77137154779952,FY24,0.13487488340461926,0.19863459618399834
HSCL,500184,Q3FY25,0.9574988651778622,1.0592237308912718,26.408994943004235,FY25,0.1492940799986243,0.08421869454037481
HSCL,500184,Q3FY26,1.476125450797427,-0.12209840928251733,26.229168844320572,FY26,0.1492940799986243,0.08421869454037481
HSCL,500184,Q4FY21,0.3522119914380414,0.18058679184484602,23.75877682096518,FY21,0.1492940799986243,0.08421869454037481
HSCL,500184,Q4FY22,0.8436715480908634,0.2695109963767972,24.34068077859582,FY22,0.1492940799986243,0.08421869454037481
HSCL,500184,Q4FY23,1.516927405832602,0.5252954675605233,24.503863938841498,FY23,0.09470588451964336,0.3692704810722675
HSCL,500184,Q4FY24,1.065226112704352,3.1504123543467517,25.747833387616396,FY24,0.13487488340461926,0.19863459618399834
HSCL,500184,Q4FY25,1.1344021512602858,0.19334180842255574,26.088454654964806,FY25,0.1492940799986243,0.08421869454037481
HSCL,500184,Q4FY26,1.1974045230970782,0.16643273284300414,26.129565359039816,FY26,0.1492940799986243,0.08421869454037481
HUDCO,540530,Q1FY22,0.8906127058854659,0.19555855260127064,25.148143327528484,FY22,,
HUDCO,540530,Q1FY23,0.9083455626383787,-0.2149885151341943,24.78112580550071,FY23,0.11017084143811401,4.073369093654572
HUDCO,540530,Q1FY24,1.1389349768607293,0.9125394345510464,25.359428982574038,FY24,0.12741166556311323,4.454545235658822
HUDCO,540530,Q1FY25,2.1175385404544858,3.7508013106437366,27.003072275463705,FY25,0.15077171203590284,5.971838479471564
HUDCO,540530,Q1FY26,1.710357568053778,-0.043050948351603766,26.860297885023925,FY26,0.15077171203590284,5.971838479471564
HUDCO,540530,Q2FY22,0.9294421463651864,0.06450477085316711,25.01730257208551,FY22,0.15077171203590284,5.971838479471564
HUDCO,540530,Q2FY23,0.8632110367984035,0.06644685249410144,24.860949621964284,FY23,0.11017084143811401,4.073369093654572
HUDCO,540530,Q2FY24,1.182668398359704,1.0905276597994178,25.875562373685934,FY24,0.12741166556311323,4.454545235658822
HUDCO,540530,Q2FY25,2.1337789621960024,2.9999798131778346,26.862600691203795,FY25,0.15077171203590284,5.971838479471564
HUDCO,540530,Q2FY26,1.729042437077926,-0.217362411371769,26.81024111142668,FY26,0.15077171203590284,5.971838479471564
HUDCO,540530,Q3FY22,0.8844268864030569,0.02060639549614428,24.870523803619275,FY22,0.15077171203590284,5.971838479471564
HUDCO,540530,Q3FY23,1.0267396964086188,0.44829984278314783,25.251649175391965,FY23,0.11017084143811401,4.073369093654572
HUDCO,540530,Q3FY24,1.5525450570498043,0.7886876480564357,26.191835049879977,FY24,0.12741166556311323,4.454545235658822
HUDCO,540530,Q3FY25,2.089230814122337,1.9499396082233578,26.83284035200071,FY25,0.15077171203590284,5.971838479471564
HUDCO,540530,Q3FY26,1.7790325903336492,0.15435763000469938,26.834271832066406,FY26,0.15077171203590284,5.971838479471564
HUDCO,540530,Q4FY21,0.49006078262043273,0.19221422867847981,24.957683360753357,FY21,0.15077171203590284,5.971838479471564
HUDCO,540530,Q4FY22,1.0705897028427316,-0.1890843309249128,24.72041125826699,FY22,0.15077171203590284,5.971838479471564
HUDCO,540530,Q4FY23,1.0835448459375019,0.40671179243969013,25.082498149914716,FY23,0.11017084143811401,4.073369093654572
HUDCO,540530,Q4FY24,1.7426485213978755,3.8206686906720253,26.5964506827202,FY24,0.12741166556311323,4.454545235658822
HUDCO,540530,Q4FY25,2.04913097946364,-0.0763838141003381,26.685441245848335,FY25,0.15077171203590284,5.971838479471564
HUDCO,540530,Q4FY26,1.5738540761206776,0.08664016037748869,26.48990794189629,FY26,0.15077171203590284,5.971838479471564
IDEA,532822,Q1FY22,1.0654987571223633,-0.24107141564695184,27.706140812454883,FY22,,
IDEA,532822,Q1FY23,1.3060071406998885,0.10650894586030371,27.53679994088992,FY23,0.3940486100557968,-3.1975373558851574
IDEA,532822,Q1FY24,0.85718195889876,-0.17714287894112646,27.41678228724319,FY24,0.29988825614303216,-2.340563404078843
IDEA,532822,Q1FY25,2.2097910563116683,1.114285741533552,28.29281014385743,FY25,0.3894101552612194,-3.3166671880910465
IDEA,532822,Q1FY26,1.5371787728935027,-0.5417218608294893,27.414094116079564,FY26,0.3894101552612194,-3.3166671880910465
IDEA,532822,Q2FY22,0.9781519012286091,-0.4553571420968796,27.88510664851492,FY22,0.3894101552612194,-3.3166671880910465
IDEA,532822,Q2FY23,1.3032433078583232,0.542372921080947,27.583320023612295,FY23,0.3940486100557968,-3.1975373558851574
IDEA,532822,Q2FY24,0.9436296540505166,-0.016304306700006932,27.863874427721242,FY24,0.29988825614303216,-2.340563404078843
IDEA,532822,Q2FY25,2.1663289311014293,1.0578948078393289,27.74652048414579,FY25,0.3894101552612194,-3.3166671880910465
IDEA,532822,Q2FY26,1.5182681448421418,-0.5922693523338859,27.50412921808981,FY26,0.3894101552612194,-3.3166671880910465
IDEA,532822,Q3FY22,0.9870774237297503,0.14285717934978376,28.13968377933837,FY22,0.3894101552612194,-3.3166671880910465
IDEA,532822,Q3FY23,1.3104865507760879,-0.24884798783515882,27.47543105199852,FY23,0.3940486100557968,-3.1975373558851574
IDEA,532822,Q3FY24,1.130836903548902,0.5808382282902057,28.1811570026935,FY24,0.29988825614303216,-2.340563404078843
IDEA,532822,Q3FY25,2.136434964272205,-0.40918728748732053,27.48048156291937,FY25,0.3894101552612194,-3.3166671880910465
IDEA,532822,Q3FY26,1.5381554854265258,0.320478767335362,27.7844038564589,FY26,0.3894101552612194,-3.3166671880910465
IDEA,532822,Q4FY21,0.9332582429355841,0.008928605640421229,27.63319183197805,FY21,0.3894101552612194,-3.3166671880910465
IDEA,532822,Q4FY22,1.352854554818077,-0.04186044737349982,27.675526156274067,FY22,0.3894101552612194,-3.3166671880910465
IDEA,532822,Q4FY23,0.9675985053287941,-0.3644859521542474,27.16642623089141,FY23,0.3940486100557968,-3.1975373558851574
IDEA,532822,Q4FY24,1.8371321384426906,1.174193597608998,27.992565832885948,FY24,0.29988825614303216,-2.340563404078843
IDEA,532822,Q4FY25,1.9910816503533866,-0.5040752387459403,27.32549092068502,FY25,0.3894101552612194,-3.3166671880910465
IDEA,532822,Q4FY26,1.493128028051954,0.3296158547711144,27.552157610652635,FY26,0.3894101552612194,-3.3166671880910465
IDFCFIRSTB,539437,Q1FY22,1.0859169419179073,0.5387699250148458,26.864638786223775,FY22,,
IDFCFIRSTB,539437,Q1FY23,1.4351188374237474,-0.37564765486556934,26.320356897072696,FY23,0.09613790527442195,2.2134434407864925
IDFCFIRSTB,539437,Q1FY24,1.3859231593989332,1.1135693391843695,27.24645627911407,FY24,0.09116899953460385,1.3613528465078866
IDFCFIRSTB,539437,Q1FY25,1.0960064987697613,0.15667180783063422,27.280626520129974,FY25,0.039059612986551445,0.86811984973181
IDFCFIRSTB,539437,Q1FY26,1.0098929301819153,-0.12522523489890566,27.160223085252543,FY26,0.039059612986551445,0.86811984973181
IDFCFIRSTB,539437,Q2FY22,1.0647685416248232,0.1483956377892759,26.735840549964163,FY22,0.039059612986551445,0.86811984973181
IDFCFIRSTB,539437,Q2FY23,1.4817943542701848,0.16469193399433432,26.78097631299347,FY23,0.09613790527442195,2.2134434407864925
IDFCFIRSTB,539437,Q2FY24,1.2814469419591021,0.898148257521242,27.431084096872084,FY24,0.09116899953460385,1.3613528465078866
IDFCFIRSTB,539437,Q2FY25,1.0662975407826039,-0.16987074403884553,27.180741501108564,FY25,0.039059612986551445,0.86811984973181
IDFCFIRSTB,539437,Q2FY26,1.0853001759009753,-0.07259793467597102,27.120429677501743,FY26,0.039059612986551445,0.86811984973181
IDFCFIRSTB,539437,Q3FY22,1.2173824126128108,0.25534749029415105,26.75042405031463,FY22,0.039059612986551445,0.86811984973181
IDFCFIRSTB,539437,Q3FY23,1.4613717644998907,0.26752967511880965,26.946099706743567,FY23,0.09613790527442195,2.2134434407864925
IDFCFIRSTB,539437,Q3FY24,1.2082577227675848,0.4947183189934121,27.359470074309638,FY24,0.09116899953460385,1.3613528465078866
IDFCFIRSTB,539437,Q3FY25,1.0274217572944422,-0.2407582828355297,27.017312317650475,FY25,0.039059612986551445,0.86811984973181
IDFCFIRSTB,539437,Q3FY26,1.0625586628981414,0.2430789915508215,27.325027713548717,FY26,0.039059612986551445,0.86811984973181
IDFCFIRSTB,539437,Q4FY21,0.7190545371920574,0.6965239458336964,26.891938012794807,FY21,0.039059612986551445,0.86811984973181
IDFCFIRSTB,539437,Q4FY22,1.534037991351433,-0.3154471954526841,26.553309098554127,FY22,0.039059612986551445,0.86811984973181
IDFCFIRSTB,539437,Q4FY23,1.4030095953746466,0.2736721442231092,26.880199708623007,FY23,0.09613790527442195,2.2134434407864925
IDFCFIRSTB,539437,Q4FY24,1.1494697625128847,0.4599999134723828,27.194765143427066,FY24,0.09116899953460385,1.3613528465078866
IDFCFIRSTB,539437,Q4FY25,1.0693995558559366,-0.28061158900052185,26.878563492647388,FY25,0.039059612986551445,0.86811984973181
IDFCFIRSTB,539437,Q4FY26,1.0593411016821568,0.18363303075095466,26.950217415442893,FY26,0.039059612986551445,0.86811984973181
IFCI,500106,Q1FY22,1.067371607072771,0.2712766270445413,24.34988908089656,FY22,,
IFCI,500106,Q1FY23,1.5781977020441107,-0.13333336512247718,23.871968863145174,FY23,-0.0551604777035403,1.5980239913569532
IFCI,500106,Q1FY24,0.9402168880076263,0.16315791481419706,24.16109503978358,FY24,0.022859083431464648,1.1836511023785266
IFCI,500106,Q1FY25,1.2299666243398149,4.1754387696730895,25.834746758532855,FY25,0.01968069499180163,0.42729798924143486
IFCI,500106,Q1FY26,1.7801602383124524,0.1246037916754074,25.891408798549634,FY26,0.01968069499180163,0.42729798924143486
IFCI,500106,Q2FY22,0.949353439161088,0.22340430496720368,24.313388678168753,FY22,0.01968069499180163,0.42729798924143486
IFCI,500106,Q2FY23,1.5124769283766795,0.09333335028754357,23.97095076076681,FY23,-0.0551604777035403,1.5980239913569532
IFCI,500106,Q2FY24,0.8435996475186012,0.2927927827304894,24.908992702967083,FY24,0.022859083431464648,1.1836511023785266
IFCI,500106,Q2FY25,1.2960544356806096,4.469343164114611,25.905578310075175,FY25,0.01968069499180163,0.42729798924143486
IFCI,500106,Q2FY26,1.8924028036305258,-0.25661713625688026,25.704319116271712,FY26,0.01968069499180163,0.42729798924143486
IFCI,500106,Q3FY22,1.2671352834565424,0.5212766777719007,24.50250249507768,FY22,0.01968069499180163,0.42729798924143486
IFCI,500106,Q3FY23,1.3349381576625716,0.0962343590426647,24.33907819228646,FY23,-0.0551604777035403,1.5980239913569532
IFCI,500106,Q3FY24,1.5370475804115546,0.9960474910222687,25.086864486011994,FY24,0.022859083431464648,1.1836511023785266
IFCI,500106,Q3FY25,1.3278264424425372,1.580606017449889,25.845728724356405,FY25,0.01968069499180163,0.42729798924143486
IFCI,500106,Q3FY26,1.9924160882310074,-0.19305687943741,25.682812954010778,FY26,0.01968069499180163,0.42729798924143486
IFCI,500106,Q4FY21,1.1519034012854867,-0.05319149152031295,24.199316236089935,FY21,0.01968069499180163,0.42729798924143486
IFCI,500106,Q4FY22,1.4744739849164394,0.40000000000000047,24.121354728986866,FY22,0.01968069499180163,0.42729798924143486
IFCI,500106,Q4FY23,1.1726821641446872,-0.12800003051757713,23.996791991441203,FY23,-0.0551604777035403,1.5980239913569532
IFCI,500106,Q4FY24,1.114938514124928,3.084033616139184,25.394500572866495,FY24,0.022859083431464648,1.1836511023785266
IFCI,500106,Q4FY25,1.5789006395681762,-0.1303588264881039,25.477236278282376,FY25,0.01968069499180163,0.42729798924143486
IFCI,500106,Q4FY26,1.6244094040471264,0.35335027791214135,25.583107489299877,FY26,0.01968069499180163,0.42729798924143486
IGL,532514,Q1FY22,0.8586263259935263,0.034703793308955594,26.58282393727472,FY22,,
IGL,532514,Q1FY23,0.9698172229638262,-0.2755580002166809,26.139729390584552,FY23,0.20673312117651213,0.01043594696415693
IGL,532514,Q1FY24,0.8019459852274315,0.3574148854113949,26.46801810814625,FY24,0.2060618454393426,0.008425919486119603
IGL,532514,Q1FY25,1.0497234963949733,-0.028133733795514915,26.54040986482845,FY25,0.1618120965318578,0.008806709263670935
IGL,532514,Q1FY26,1.0460346788944785,-0.08287251308058116,26.417599364065396,FY26,0.1618120965318578,0.008806709263670935
IGL,532514,Q2FY22,0.7987803517040941,0.07630875227276122,26.543788696492804,FY22,0.1618120965318578,0.008806709263670935
IGL,532514,Q2FY23,0.9836948006218915,-0.2022090629449932,26.26139572181603,FY23,0.20673312117651213,0.01043594696415693
IGL,532514,Q2FY24,0.7707496907746239,0.13857910634676646,26.42815067487894,FY24,0.2060618454393426,0.008425919486119603
IGL,532514,Q2FY25,0.9574960364580509,0.30124218967306887,26.653346248475046,FY25,0.1618120965318578,0.008806709263670935
IGL,532514,Q2FY26,1.138764092807163,-0.19255368462653027,26.38083972732255,FY26,0.1618120965318578,0.008806709263670935
IGL,532514,Q3FY22,0.792266909752727,-0.011769604352067675,26.418663037688823,FY22,0.1618120965318578,0.008806709263670935
IGL,532514,Q3FY23,1.039500814929643,-0.0959517910807942,26.303708636877545,FY23,0.20673312117651213,0.01043594696415693
IGL,532514,Q3FY24,0.9101208492605424,-0.020326419739868675,26.354747433351086,FY24,0.2060618454393426,0.008425919486119603
IGL,532514,Q3FY25,0.9900906764277448,-0.13196668173615897,26.370397191943443,FY25,0.1618120965318578,0.008806709263670935
IGL,532514,Q3FY26,1.1240165565748912,0.2519932946054964,26.31150090473149,FY26,0.1618120965318578,0.008806709263670935
IGL,532514,Q4FY21,0.8821929045609431,-0.029971396934168854,26.49792108568734,FY21,0.1618120965318578,0.008806709263670935
IGL,532514,Q4FY22,0.9062485504340616,-0.3340415471150568,26.187060119861286,FY22,0.1618120965318578,0.008806709263670935
IGL,532514,Q4FY23,0.9323479186688726,0.23929651944359767,26.368940361241453,FY23,0.20673312117651213,0.01043594696415693
IGL,532514,Q4FY24,1.0092621867368645,0.023110218526834675,26.38407293079518,FY24,0.2060618454393426,0.008425919486119603
IGL,532514,Q4FY25,1.041958836606948,-0.07882014238496103,26.347497722733728,FY25,0.1618120965318578,0.008806709263670935
IGL,532514,Q4FY26,1.0242268159511865,-0.09875548113655312,26.040739671859484,FY26,0.1618120965318578,0.008806709263670935
IIFL,532636,Q1FY22,1.04913427747544,1.260595752414478,25.37551731240854,FY22,,
IIFL,532636,Q1FY23,0.8910680630337138,0.2897203506588574,25.6264541859442,FY23,0.16684719630429512,4.450306158989153
IIFL,532636,Q1FY24,0.8248297791561894,0.5343823661114804,26.08024537807059,FY24,0.16579314260895234,4.431300584093808
IIFL,532636,Q1FY25,1.0921510003485275,-0.10195420987555599,26.10996661670069,FY25,0.030515968576053057,4.15183460775254
IIFL,532636,Q1FY26,1.3407973700460976,0.1079054494797657,26.019330672304463,FY26,0.030515968576053057,4.15183460775254
IIFL,532636,Q2FY22,0.9930537207168342,1.444003808370854,25.496091864502354,FY22,0.030515968576053057,4.15183460775254
IIFL,532636,Q2FY23,0.8800673407778459,0.23944967602242678,25.709261090526798,FY23,0.16684719630429512,4.450306158989153
IIFL,532636,Q2FY24,0.8917777684188759,0.7040586451588163,26.24723861191942,FY24,0.16579314260895234,4.431300584093808
IIFL,532636,Q2FY25,1.1551256457804628,-0.20164670723101033,25.998058886082497,FY25,0.030515968576053057,4.15183460775254
IIFL,532636,Q2FY26,1.479006683519343,-0.05152859410311543,25.974224862878334,FY26,0.030515968576053057,4.15183460775254
IIFL,532636,Q3FY22,0.9995245594493156,1.7493960781300493,25.469253991482706,FY22,0.030515968576053057,4.15183460775254
IIFL,532636,Q3FY23,0.8675886313540202,0.49809449053761734,26.022765553998266,FY23,0.16684719630429512,4.450306158989153
IIFL,532636,Q3FY24,1.029099336494134,0.30876321885270824,26.248242177164745,FY24,0.16579314260895234,4.431300584093808
IIFL,532636,Q3FY25,1.1963810388642964,-0.30408155828880506,25.885421480684386,FY25,0.030515968576053057,4.15183460775254
IIFL,532636,Q3FY26,1.4841503060541748,0.4279291461402537,26.275042255813418,FY26,0.030515968576053057,4.15183460775254
IIFL,532636,Q4FY21,0.9072891766939762,1.4011798674590492,25.477984548508967,FY21,0.030515968576053057,4.15183460775254
IIFL,532636,Q4FY22,0.951921064599879,0.273463434956133,25.501074844476154,FY22,0.030515968576053057,4.15183460775254
IIFL,532636,Q4FY23,0.9146527948153103,0.44019190781705225,26.04492098624888,FY23,0.16684719630429512,4.450306158989153
IIFL,532636,Q4FY24,1.0211147235394484,0.3514197554984685,25.69000362885264,FY24,0.16579314260895234,4.431300584093808
IIFL,532636,Q4FY25,1.3811741390427965,-0.4789495343050041,25.652709919940527,FY25,0.030515968576053057,4.15183460775254
IIFL,532636,Q4FY26,1.2734029224935512,0.6782841429157714,25.93296708341813,FY26,0.030515968576053057,4.15183460775254
INDHOTEL,500850,Q1FY22,0.5522798458405,0.09681325177157844,25.987112020580078,FY22,,
INDHOTEL,500850,Q1FY23,1.2933737727728953,0.8497587666906344,26.48453426941069,FY23,0.1256069937709535,0.39326305819623253
INDHOTEL,500850,Q1FY24,0.7452690965230166,0.7609531131503673,27.042933508231556,FY24,0.1331412286591975,0.28929800722243076
INDHOTEL,500850,Q1FY25,1.1537891746106554,0.5475717674033137,27.511232181670604,FY25,0.17092012963332978,0.2763506981186681
INDHOTEL,500850,Q1FY26,1.2851065499460248,0.35503353094219553,27.710049929611902,FY26,0.17092012963332978,0.2763506981186681
INDHOTEL,500850,Q2FY22,0.59298490033061,0.13606991198666518,26.235870147113985,FY22,0.17092012963332978,0.2763506981186681
INDHOTEL,500850,Q2FY23,1.242394368535415,1.2118859927008399,26.871998446532892,FY23,0.1256069937709535,0.39326305819623253
INDHOTEL,500850,Q2FY24,0.7660074851728533,0.519632831937081,27.08923344529734,FY24,0.1331412286591975,0.28929800722243076
INDHOTEL,500850,Q2FY25,1.2198237827445073,0.7016842957234912,27.602381399157526,FY25,0.17092012963332978,0.2763506981186681
INDHOTEL,500850,Q2FY26,1.3089628455715747,0.1454747911267957,27.656004628381226,FY26,0.17092012963332978,0.2763506981186681
INDHOTEL,500850,Q3FY22,0.9540955615686086,0.5371040430861784,26.26307936690459,FY22,0.17092012963332978,0.2763506981186681
INDHOTEL,500850,Q3FY23,0.9912402013698034,0.7829426298072659,26.831860687974025,FY23,0.1256069937709535,0.39326305819623253
INDHOTEL,500850,Q3FY24,0.9406095096928493,0.3231415318569455,27.15341464229009,FY24,0.1331412286591975,0.28929800722243076
INDHOTEL,500850,Q3FY25,1.1123774201061878,0.8964167829660843,27.85053451176815,FY25,0.17092012963332978,0.2763506981186681
INDHOTEL,500850,Q3FY26,1.4675406567492173,-0.05710367143378912,27.681431743739374,FY26,0.17092012963332978,0.2763506981186681
INDHOTEL,500850,Q4FY21,0.228816698986261,-0.008874475708669024,25.740386040987346,FY21,0.17092012963332978,0.2763506981186681
INDHOTEL,500850,Q4FY22,1.3597375019490214,0.7212982697702218,26.54033371131329,FY22,0.17092012963332978,0.2763506981186681
INDHOTEL,500850,Q4FY23,0.8596243108622116,0.5200721568986428,26.84959065497664,FY23,0.1256069937709535,0.39326305819623253
INDHOTEL,500850,Q4FY24,1.0295225020244396,0.8448702252920701,27.452466765746102,FY24,0.1331412286591975,0.28929800722243076
INDHOTEL,500850,Q4FY25,1.178281496418816,0.32476052071622663,27.742327410456152,FY25,0.17092012963332978,0.2763506981186681
INDHOTEL,500850,Q4FY26,1.4040151384056792,-0.05992123454552113,27.423638514960924,FY26,0.17092012963332978,0.2763506981186681
INDIANB,532814,Q1FY22,1.3555746237050958,0.5398982068730945,25.861573515386745,FY22,,
INDIANB,532814,Q1FY23,1.1807346209843879,0.2238507904228748,25.952533419936866,FY23,0.11255641141967915,0.4462500318137986
INDIANB,532814,Q1FY24,1.2669611952851891,0.7633121985047544,26.65214152690796,FY24,0.13974541978017602,0.384125666824901
INDIANB,532814,Q1FY25,1.170984834164726,1.069702936701417,27.297574771000356,FY25,0.1574746433895642,0.4666891614395219
INDIANB,532814,Q1FY26,1.0490268115974102,0.10312507489101964,27.487963336764683,FY26,0.1574746433895642,0.4666891614395219
INDIANB,532814,Q2FY22,1.231760885304287,0.43547428354275336,25.84553807184594,FY22,0.1574746433895642,0.4666891614395219
INDIANB,532814,Q2FY23,1.2160735510431353,0.6481964091497023,26.22534062230791,FY23,0.11255641141967915,0.4462500318137986
INDIANB,532814,Q2FY24,1.192826363692104,1.1981942708142672,27.02217749293335,FY24,0.13974541978017602,0.384125666824901
INDIANB,532814,Q2FY25,1.2779661250308585,0.4248587804228654,27.25745908130606,FY25,0.1574746433895642,0.4666891614395219
INDIANB,532814,Q2FY26,1.010352833459173,0.24914366395724533,27.64212511469361,FY26,0.1574746433895642,0.4666891614395219
INDIANB,532814,Q3FY22,1.3094486384440385,0.6502212015981716,25.84017997310454,FY22,0.1574746433895642,0.4666891614395219
INDIANB,532814,Q3FY23,1.2459467814477008,0.948185716978999,26.596614970154125,FY23,0.11255641141967915,0.4462500318137986
INDIANB,532814,Q3FY24,0.9943526770712388,0.5722430837685725,27.01590116692569,FY24,0.13974541978017602,0.384125666824901
INDIANB,532814,Q3FY25,1.2231735384240312,0.3890480345298859,27.268654687550953,FY25,0.1574746433895642,0.4666891614395219
INDIANB,532814,Q3FY26,0.9904922829727983,0.618852766143189,27.751241705528102,FY26,0.1574746433895642,0.4666891614395219
INDIANB,532814,Q4FY21,1.270643324813228,0.5398982068730952,25.64136283501059,FY21,0.1574746433895642,0.4666891614395219
INDIANB,532814,Q4FY22,1.3348721963882069,0.06793396915304853,25.937701689048204,FY22,0.1574746433895642,0.4666891614395219
INDIANB,532814,Q4FY23,1.1924645749599454,0.7920029303995597,26.607766835571194,FY23,0.11255641141967915,0.4462500318137986
INDIANB,532814,Q4FY24,0.5272522443241227,0.864021150527099,27.228680042211185,FY24,0.13974541978017602,0.384125666824901
INDIANB,532814,Q4FY25,1.4373816063976883,-0.006224364559250287,27.289845646007503,FY25,0.1574746433895642,0.4666891614395219
INDIANB,532814,Q4FY26,1.1679176442981003,0.944576446848174,27.761283695076198,FY26,0.1574746433895642,0.4666891614395219
INDIGO,539448,Q1FY22,0.8846741591209015,0.018791918626510876,27.219550967105075,FY22,,
INDIGO,539448,Q1FY23,1.338929324851161,0.048744791021650954,27.152872674408677,FY23,0.04895352865501345,-7.180676876518047
INDIGO,539448,Q1FY24,0.775500642768973,0.44167956689127474,27.64480598338475,FY24,4.093413473578763,25.684998747808667
INDIGO,539448,Q1FY25,0.9258736786338069,0.7784426669511779,28.120789738179475,FY25,0.7747913153006981,7.131551418628979
INDIGO,539448,Q1FY26,0.966521351252287,0.25220253016194616,28.466836684726047,FY26,0.7747913153006981,7.131551418628979
INDIGO,539448,Q2FY22,0.9565900599190464,0.11126349796989349,27.38294023869616,FY22,0.7747913153006981,7.131551418628979
INDIGO,539448,Q2FY23,1.2563468474755572,0.16623747194854824,27.29704797286376,FY23,0.04895352865501345,-7.180676876518047
INDIGO,539448,Q2FY24,0.7754137064913194,0.24569947094753286,27.546606139349333,FY24,4.093413473578763,25.684998747808667
INDIGO,539448,Q2FY25,0.9189320304318145,0.9679746205927888,28.24499950279304,FY25,0.7747913153006981,7.131551418628979
INDIGO,539448,Q2FY26,0.9924962691147908,0.19652004174367346,28.402473996735118,FY26,0.7747913153006981,7.131551418628979
INDIGO,539448,Q3FY22,1.0913820940483263,0.11587397154034358,27.380885488570563,FY22,0.7747913153006981,7.131551418628979
INDIGO,539448,Q3FY23,1.2065024204036463,0.02968592962952955,27.375991316370243,FY23,0.04895352865501345,-7.180676876518047
INDIGO,539448,Q3FY24,0.804070127818749,0.4786278292786226,27.766586637990642,FY24,4.093413473578763,25.684998747808667
INDIGO,539448,Q3FY25,0.8682711890047795,0.664190014738716,28.195062443957855,FY25,0.7747913153006981,7.131551418628979
INDIGO,539448,Q3FY26,1.0704903156442698,0.3721844667547927,28.301957688657154,FY26,0.7747913153006981,7.131551418628979
INDIGO,539448,Q4FY21,0.8406491449007212,-0.05459587673462798,27.16877714319909,FY21,0.7747913153006981,7.131551418628979
INDIGO,539448,Q4FY22,1.3392948080096532,0.23980824829560624,27.379198843321372,FY22,0.7747913153006981,7.131551418628979
INDIGO,539448,Q4FY23,0.9037815918374523,-0.08975680183804556,27.326445046958572,FY23,0.04895352865501345,-7.180676876518047
INDIGO,539448,Q4FY24,0.7835812772153055,0.6032074080267348,27.945568752954397,FY24,4.093413473578763,25.684998747808667
INDIGO,539448,Q4FY25,0.9072185155585979,0.4213779802099472,28.311247385994296,FY25,0.7747913153006981,7.131551418628979
INDIGO,539448,Q4FY26,1.3935665638250918,0.14042195367482482,28.052758678325386,FY26,0.7747913153006981,7.131551418628979
INDUSTOWER,534816,Q1FY22,0.9413469586823406,0.10375395548478562,27.111841052012796,FY22,,
INDUSTOWER,534816,Q1FY23,1.173012597975542,-0.12277497799260538,27.03577854700224,FY23,0.09663895402543879,0.9088277789620787
INDUSTOWER,534816,Q1FY24,0.8792423032667471,-0.23017262244251974,26.794355568742915,FY24,0.22324215571696968,0.7593162418450523
INDUSTOWER,534816,Q1FY25,1.6955891473698275,1.3115255064883473,27.620691584993107,FY25,0.30560675481486727,0.6509817436604376
INDUSTOWER,534816,Q1FY26,1.0122808498475442,0.10801840314643563,27.735836261040294,FY26,0.30560675481486727,0.6509817436604376
INDUSTOWER,534816,Q2FY22,0.9127290764774229,-0.016373209780298312,27.36921301440167,FY22,0.30560675481486727,0.6509817436604376
INDUSTOWER,534816,Q2FY23,1.0942994899474925,-0.018947731255138198,26.978451283655,FY23,0.09663895402543879,0.9088277789620787
INDUSTOWER,534816,Q2FY24,1.2178210185826308,-0.09302330066424985,26.94889754551035,FY24,0.22324215571696968,0.7593162418450523
INDUSTOWER,534816,Q2FY25,1.6393924815312149,1.88455494685727,27.665629797925703,FY25,0.30560675481486727,0.6509817436604376
INDUSTOWER,534816,Q2FY26,0.9981558937105355,-0.22502572340141838,27.530404753047375,FY26,0.30560675481486727,0.6509817436604376
INDUSTOWER,534816,Q3FY22,0.9466025609242579,0.27343915694958315,27.15148072443055,FY22,0.30560675481486727,0.6509817436604376
INDUSTOWER,534816,Q3FY23,1.0836175129274563,-0.23469403591837812,26.942355588278875,FY23,0.09663895402543879,0.9088277789620787
INDUSTOWER,534816,Q3FY24,1.2296682006219202,-0.08070523718606516,26.986521976156133,FY24,0.22324215571696968,0.7593162418450523
INDUSTOWER,534816,Q3FY25,1.5879704467246545,0.8176379378278186,27.527191646345724,FY25,0.30560675481486727,0.6509817436604376
INDUSTOWER,534816,Q3FY26,0.9688838275768841,0.16322038980509612,27.730239994517472,FY26,0.30560675481486727,0.6509817436604376
INDUSTOWER,534816,Q4FY21,0.8459741893161119,0.17752020361186216,27.138101208740448,FY21,0.30560675481486727,0.6509817436604376
INDUSTOWER,534816,Q4FY22,1.3921083586143115,-0.1924159370600556,27.039745615045003,FY22,0.30560675481486727,0.6509817436604376
INDUSTOWER,534816,Q4FY23,0.7457452880704039,-0.28167830743400946,26.6558105416381,FY23,0.09663895402543879,0.9088277789620787
INDUSTOWER,534816,Q4FY24,1.333809003998323,0.4516794963682372,27.36680448869785,FY24,0.22324215571696968,0.7593162418450523
INDUSTOWER,534816,Q4FY25,1.5647232215045825,0.49774171294040703,27.505004668289047,FY25,0.30560675481486727,0.6509817436604376
INDUSTOWER,534816,Q4FY26,0.9685570718708958,0.36908479133508726,27.728806116609256,FY26,0.30560675481486727,0.6509817436604376
INFY,500209,Q1FY22,0.6460854526751862,0.11243564243155078,29.37009471923115,FY22,,
INFY,500209,Q1FY23,0.9745656303867256,0.08662327326608704,29.311258663502883,FY23,0.3250109027474924,0.11011774967291757
INFY,500209,Q1FY24,1.284763391803883,-0.0451125514427312,29.245048083376396,FY24,0.2999337058433564,0.09489534993844113
INFY,500209,Q1FY25,0.7842772538668565,0.19541321683708987,29.437416701236874,FY25,0.2818384649709951,0.08585452922802321
INFY,500209,Q1FY26,1.067065760620597,0.11582697879271153,29.48483511461469,FY26,0.2818384649709951,0.08585452922802321
INFY,500209,Q2FY22,0.6656053339520452,0.36845136988109933,29.42809625307547,FY22,0.2818384649709951,0.08585452922802321
INFY,500209,Q2FY23,1.0098528970415879,-0.13594943521480202,29.277555317622383,FY23,0.3250109027474924,0.11011774967291757
INFY,500209,Q2FY24,1.2823565744148229,-0.043684748333003884,29.317220875998817,FY24,0.2999337058433564,0.09489534993844113
INFY,500209,Q2FY25,0.7780792220217959,0.4460332637662721,29.617341906783345,FY25,0.2818384649709951,0.08585452922802321
INFY,500209,Q2FY26,1.0799927028154055,-0.190669189634335,29.379599448409436,FY26,0.2818384649709951,0.08585452922802321
INFY,500209,Q3FY22,0.7096083243498611,0.41439684306874675,29.556372653691128,FY22,0.2818384649709951,0.08585452922802321
INFY,500209,Q3FY23,1.083792328148804,0.0007689460888875658,29.353307854810815,FY23,0.3250109027474924,0.11011774967291757
INFY,500209,Q3FY24,1.3063720671693166,-0.054689397255038776,29.402266741377947,FY24,0.2999337058433564,0.09489534993844113
INFY,500209,Q3FY25,0.6870023772971245,0.3341212406082895,29.63100679658551,FY25,0.2818384649709951,0.08585452922802321
INFY,500209,Q3FY26,1.2241816546448558,-0.16311852443058186,29.508482558200285,FY26,0.2818384649709951,0.08585452922802321
INFY,500209,Q4FY21,0.8129219260823293,-0.005672487084480761,29.214816811251378,FY21,0.2818384649709951,0.08585452922802321
INFY,500209,Q4FY22,0.7523420412278785,0.3827708939900354,29.56643956852494,FY22,0.2818384649709951,0.08585452922802321
INFY,500209,Q4FY23,1.2274998207209857,-0.12801873210033507,29.298630802218575,FY23,0.3250109027474924,0.11011774967291757
INFY,500209,Q4FY24,1.1854185234551642,0.0671180781359202,29.372767163393988,FY24,0.2999337058433564,0.09489534993844113
INFY,500209,Q4FY25,0.738292596663068,0.08209331581130369,29.4512246448484,FY25,0.2818384649709951,0.08585452922802321
INFY,500209,Q4FY26,0.9349496709143822,-0.282767017717356,29.252523355690084,FY26,0.2818384649709951,0.08585452922802321
INOXWIND,539083,Q1FY22,0.8930687924078409,0.20389102683457058,24.296265777202848,FY22,,
INOXWIND,539083,Q1FY23,0.9503108163260756,0.2125084515940819,24.255418570816015,FY23,-0.38928896932462836,1.4104156875454852
INOXWIND,539083,Q1FY24,0.6246304317903837,0.6826923694130985,24.9197268421246,FY24,-0.012694628833668915,0.7400975945124371
INOXWIND,539083,Q1FY25,1.4731861716647825,3.9257191122201665,26.225208786407002,FY25,0.08881304460856346,0.29721010219658456
INOXWIND,539083,Q1FY26,1.791330337412555,0.1818181818181843,26.437095051605247,FY26,0.08881304460856346,0.29721010219658456
INOXWIND,539083,Q2FY22,0.7242259875797215,0.6622568568366982,24.46904124388125,FY22,0.08881304460856346,0.29721010219658456
INOXWIND,539083,Q2FY23,1.0105706246955781,0.17034549443237434,24.87857971872878,FY23,-0.38928896932462836,1.4104156875454852
INOXWIND,539083,Q2FY24,0.722263076225244,1.0004741873229486,25.147023003729043,FY24,-0.012694628833668915,0.7400975945124371
INOXWIND,539083,Q2FY25,1.4747258074713097,3.652498548368271,26.74045151774222,FY25,0.08881304460856346,0.29721010219658456
INOXWIND,539083,Q2FY26,1.8103833695620182,-0.38251415219689755,26.213723406113285,FY26,0.08881304460856346,0.29721010219658456
INOXWIND,539083,Q3FY22,0.8123919543285144,1.073929961089495,24.635074373033834,FY22,0.08881304460856346,0.29721010219658456
INOXWIND,539083,Q3FY23,0.8871708732085842,-0.01605136456253781,24.571284689648824,FY23,-0.38928896932462836,1.4104156875454852
INOXWIND,539083,Q3FY24,1.3520820060254684,1.2928836298618291,26.098181738591187,FY24,-0.012694628833668915,0.7400975945124371
INOXWIND,539083,Q3FY25,1.3937859584944872,2.0323808458116344,26.46897567233174,FY25,0.08881304460856346,0.29721010219658456
INOXWIND,539083,Q3FY26,1.9764695529823642,-0.27834716561854955,26.086852157997455,FY26,0.08881304460856346,0.29721010219658456
INOXWIND,539083,Q4FY21,0.6195139784798255,0.0653696023072717,24.12970781870046,FY21,0.08881304460856346,0.29721010219658456
INOXWIND,539083,Q4FY22,1.2453584409445686,0.6810278818321582,24.5918005670668,FY22,0.08881304460856346,0.29721010219658456
INOXWIND,539083,Q4FY23,0.5532550045290722,-0.10163499641994829,24.420429618852626,FY23,-0.38928896932462836,1.4104156875454852
INOXWIND,539083,Q4FY24,1.358151821326571,5.808418536472161,26.140974729017017,FY24,-0.012694628833668915,0.7400975945124371
INOXWIND,539083,Q4FY25,1.553371602984924,0.0823416629598549,26.364363654625716,FY25,0.08881304460856346,0.29721010219658456
INOXWIND,539083,Q4FY26,1.7967951295021116,-0.41902204024571976,25.59436829518391,FY26,0.08881304460856346,0.29721010219658456
IRB,532947,Q1FY22,0.6390445504180854,-0.021088298772739388,25.27922562608004,FY22,,
IRB,532947,Q1FY23,1.144445745711423,1.0822490304456003,25.504844714596207,FY23,0.05381690974720715,1.2518364179294574
IRB,532947,Q1FY24,1.3104599840616977,0.24664660331351088,25.795723391475505,FY24,0.04407696021064418,1.357152185546151
IRB,532947,Q1FY25,1.7402435274900774,1.5461105234893413,26.68371763763122,FY25,0.326868493046632,1.0389750042102575
IRB,532947,Q1FY26,1.583048612596657,-0.28955888519295103,26.42082587684576,FY26,0.326868493046632,1.0389750042102575
IRB,532947,Q2FY22,0.6813012600988303,0.393926525147292,25.511497394889705,FY22,0.326868493046632,1.0389750042102575
IRB,532947,Q2FY23,1.1413449544631529,0.45009952728142094,25.542001914142013,FY23,0.05381690974720715,1.2518364179294574
IRB,532947,Q2FY24,1.376961608129699,0.1579189565572245,25.958614462333156,FY24,0.04407696021064418,1.357152185546151
IRB,532947,Q2FY25,1.693015768517955,1.468926748532548,26.624733604865558,FY25,0.326868493046632,1.0389750042102575
IRB,532947,Q2FY26,1.7088301137437143,-0.3384795798895808,26.236482693762664,FY26,0.326868493046632,1.0389750042102575
IRB,532947,Q3FY22,0.7595505204287641,0.9080556202572597,25.62205056170106,FY22,0.326868493046632,1.0389750042102575
IRB,532947,Q3FY23,1.29640066986713,0.332144975577731,25.872953923901065,FY23,0.05381690974720715,1.2518364179294574
IRB,532947,Q3FY24,1.3136054924269298,0.5120815192963496,26.235257660219006,FY24,0.04407696021064418,1.357152185546151
IRB,532947,Q3FY25,1.7681805255286336,0.4272151216496469,26.56204781540118,FY25,0.326868493046632,1.0389750042102575
IRB,532947,Q3FY26,1.6039081525409915,-0.16142988114301565,26.258719475045343,FY26,0.326868493046632,1.0389750042102575
IRB,532947,Q4FY21,0.28712002221599786,-0.08857016298569777,24.883011273064668,FY21,0.326868493046632,1.0389750042102575
IRB,532947,Q4FY22,0.9804332819578137,1.0382433510209157,25.721788462675693,FY22,0.326868493046632,1.0389750042102575
IRB,532947,Q4FY23,1.4498076502762864,0.24750690099073364,25.727589214588782,FY23,0.05381690974720715,1.2518364179294574
IRB,532947,Q4FY24,1.515562142108526,1.317052282200148,26.57969361343119,FY24,0.04407696021064418,1.357152185546151
IRB,532947,Q4FY25,1.861328000743771,-0.29085145567801873,26.32684515614161,FY25,0.326868493046632,1.0389750042102575
IRB,532947,Q4FY26,0.8990150424544232,-0.10430106194944808,26.312037352544788,FY26,0.326868493046632,1.0389750042102575
IRCON,541956,Q1FY22,0.38773421519370116,0.08512039843308357,24.375166324318048,FY22,,
IRCON,541956,Q1FY23,0.6194432208939871,-0.10584347655602626,24.15249803280926,FY23,0.14683516614250436,0.2926456733103201
IRCON,541956,Q1FY24,1.1278817525241227,1.2025485769261417,25.0403002872628,FY24,0.15833463920475838,0.43985099439270164
IRCON,541956,Q1FY25,2.047779781954297,2.459191055193208,26.229800872400585,FY25,0.11498099219929343,0.68076695092747
IRCON,541956,Q1FY26,1.7119651891164185,-0.2869671603690612,25.96117492370162,FY26,0.11498099219929343,0.68076695092747
IRCON,541956,Q2FY22,0.40029715303817115,0.008930349508303327,24.347120562181708,FY22,0.11498099219929343,0.68076695092747
IRCON,541956,Q2FY23,0.6285131800704418,0.04195314151079639,24.259377341267232,FY23,0.14683516614250436,0.2926456733103201
IRCON,541956,Q2FY24,1.69727800396889,1.9882152331223444,25.60058277227663,FY24,0.15833463920475838,0.43985099439270164
IRCON,541956,Q2FY25,1.767601761209573,1.6497334676644912,26.066887508893007,FY25,0.11498099219929343,0.68076695092747
IRCON,541956,Q2FY26,1.871718161799135,-0.3579059256027356,25.79561658387161,FY26,0.11498099219929343,0.68076695092747
IRCON,541956,Q3FY22,0.43584361543434996,0.12192092819440332,24.3611490294047,FY22,0.11498099219929343,0.68076695092747
IRCON,541956,Q3FY23,0.7793733254076435,0.4221591586856788,24.673245864106885,FY23,0.14683516614250436,0.2926456733103201
IRCON,541956,Q3FY24,2.04401136098749,2.048296935152709,25.768883968313492,FY24,0.15833463920475838,0.43985099439270164
IRCON,541956,Q3FY25,1.66776200490111,0.2896416614140283,26.00844575032289,FY25,0.11498099219929343,0.68076695092747
IRCON,541956,Q3FY26,1.9910289838543473,-0.17965433191911084,25.833885324160697,FY26,0.11498099219929343,0.68076695092747
IRCON,541956,Q4FY21,0.31800864617454255,0.09265589093555655,24.27502897476857,FY21,0.11498099219929343,0.68076695092747
IRCON,541956,Q4FY22,0.6540117047217296,-0.06803272354975173,24.251457847772926,FY22,0.11498099219929343,0.68076695092747
IRCON,541956,Q4FY23,0.9762812448788576,0.2990341328874583,24.640805273498298,FY23,0.14683516614250436,0.2926456733103201
IRCON,541956,Q4FY24,1.8431073695701496,3.3438884089982643,26.024711475420613,FY24,0.15833463920475838,0.43985099439270164
IRCON,541956,Q4FY25,1.8048029786591058,-0.3222429328989742,25.70119277388014,FY25,0.11498099219929343,0.68076695092747
IRCON,541956,Q4FY26,1.722023931276809,-0.015282758468185642,25.40973654245866,FY26,0.11498099219929343,0.68076695092747
IRFC,543257,Q1FY22,0.47946567051226685,-0.008178135840843006,26.363998522930583,FY22,,
IRFC,543257,Q1FY23,0.4512196017320267,-0.07389402444124801,26.159458089812663,FY23,0.13802889473522947,9.376302593760755
IRFC,543257,Q1FY24,0.7816861432899149,0.6021587492893057,26.72684820957613,FY24,0.13038423036700741,8.378415842510265
IRFC,543257,Q1FY25,1.7337781130389631,4.422959079142638,28.416870386127123,FY25,0.12345292241851528,7.825128422747464
IRFC,543257,Q1FY26,1.2616511694104213,-0.23298607480600358,28.228332196454442,FY26,0.12345292241851528,7.825128422747464
IRFC,543257,Q2FY22,0.454750497051586,-0.03549530359535247,26.28009182982904,FY22,0.12345292241851528,7.825128422747464
IRFC,543257,Q2FY23,0.4448471545897341,-0.02330883602745907,26.265695759951818,FY23,0.13802889473522947,9.376302593760755
IRFC,543257,Q2FY24,1.2137373376058476,1.5073011248514359,27.586069866633125,FY24,0.13038423036700741,8.378415842510265
IRFC,543257,Q2FY25,1.568337141623624,2.869508224269076,28.329934261074865,FY25,0.12345292241851528,7.825128422747464
IRFC,543257,Q2FY26,1.357511258760957,-0.3256458965904244,28.09080110674154,FY26,0.12345292241851528,7.825128422747464
IRFC,543257,Q3FY22,0.4149036932918704,0.007111796167757951,26.310331782591764,FY22,0.12345292241851528,7.825128422747464
IRFC,543257,Q3FY23,0.642900236686516,0.5522742891478679,26.722250515647804,FY23,0.13802889473522947,9.376302593760755
IRFC,543257,Q3FY24,1.5694406338484603,1.6520805847784383,27.857556549640258,FY24,0.13038423036700741,8.378415842510265
IRFC,543257,Q3FY25,1.3823594336905938,0.9808072344197857,28.272449522915597,FY25,0.12345292241851528,7.825128422747464
IRFC,543257,Q3FY26,1.450776570540498,-0.18998823755822516,28.108176129107818,FY26,0.12345292241851528,7.825128422747464
IRFC,543257,Q4FY21,,,26.282277655829574,FY21,0.12345292241851528,7.825128422747464
IRFC,543257,Q4FY22,0.554450911161962,-0.10947352069068299,26.24710521464012,FY22,0.12345292241851528,7.825128422747464
IRFC,543257,Q4FY23,0.6422732829210613,0.29827119325895174,26.520384403470768,FY23,0.13802889473522947,9.376302593760755
IRFC,543257,Q4FY24,1.4965435652483934,4.211034025054144,28.21719639176974,FY24,0.13038423036700741,8.378415842510265
IRFC,543257,Q4FY25,1.4787155486095158,-0.2150470115094189,28.09814188344913,FY25,0.12345292241851528,7.825128422747464
IRFC,543257,Q4FY26,1.3042642202661645,-0.11037613977376053,27.762019397403165,FY26,0.12345292241851528,7.825128422747464
ITC,500875,Q1FY22,0.6354369122103687,0.03134571165293437,28.350923679649085,FY22,,
ITC,500875,Q1FY23,0.751346316549858,0.3895908866940722,28.698322494180537,FY23,0.27751554979332016,0.004429742582126074
ITC,500875,Q1FY24,0.5993215448105098,0.7391262580611198,29.23828611377153,FY24,0.2745886963641,0.00407652972203954
ITC,500875,Q1FY25,0.6245658491119181,0.06589059603031032,29.210753568158715,FY25,0.4961674309814144,0.004067396781810094
ITC,500875,Q1FY26,0.635739203818894,0.04861818832053188,29.26237456337816,FY26,0.4961674309814144,0.004067396781810094
ITC,500875,Q2FY22,0.6384049306288802,0.04169228897725424,28.503663815183145,FY22,0.4961674309814144,0.004067396781810094
ITC,500875,Q2FY23,0.7250290440924453,0.6283383255811034,28.892758091270917,FY23,0.27751554979332016,0.004429742582126074
ITC,500875,Q2FY24,0.7799926655171757,0.4650290000286311,29.222214197846256,FY24,0.2745886963641,0.00407652972203954
ITC,500875,Q2FY25,0.5939279288206618,0.1750300497488118,29.409164577447072,FY25,0.4961674309814144,0.004067396781810094
ITC,500875,Q2FY26,0.5580486233137573,-0.12900179276143137,29.225940125620955,FY26,0.4961674309814144,0.004067396781810094
ITC,500875,Q3FY22,0.8163111525186189,0.1114506338522528,28.42392099988574,FY22,0.4961674309814144,0.004067396781810094
ITC,500875,Q3FY23,0.6189517076839935,0.5901040631916732,28.890799477722492,FY23,0.27751554979332016,0.004429742582126074
ITC,500875,Q3FY24,0.6708091009916204,0.33532999647032324,29.26127056676576,FY24,0.2745886963641,0.00407652972203954
ITC,500875,Q3FY25,0.577752282425634,0.12854310022825066,29.340261235472212,FY25,0.4961674309814144,0.004067396781810094
ITC,500875,Q3FY26,0.5644900236687918,-0.08951211236689023,29.229544685721812,FY26,0.4961674309814144,0.004067396781810094
ITC,500875,Q4FY21,0.5903428941801698,-0.023276032360559473,28.397479267993404,FY21,0.4961674309814144,0.004067396781810094
ITC,500875,Q4FY22,0.821316249780272,0.09840764943256891,28.586988952956016,FY22,0.4961674309814144,0.004067396781810094
ITC,500875,Q4FY23,0.5449408106971259,0.8162012497620958,29.05261563605072,FY23,0.27751554979332016,0.004429742582126074
ITC,500875,Q4FY24,0.6637876748946399,0.11139808004266731,29.20057570153165,FY24,0.2745886963641,0.00407652972203954
ITC,500875,Q4FY25,0.6183212157734899,0.07104283995073493,29.227897954530523,FY25,0.4961674309814144,0.004067396781810094
ITC,500875,Q4FY26,0.5494849458342095,-0.17960250188488533,28.913267478276218,FY26,0.4961674309814144,0.004067396781810094
JBCHEPHARM,506943,Q1FY22,0.4498684864741972,0.43810910064485387,25.57420834701848,FY22,,
JBCHEPHARM,506943,Q1FY23,0.39375338110404223,0.10869691784356575,25.526995173931983,FY23,0.1652327842795874,0.23079230441547777
JBCHEPHARM,506943,Q1FY24,0.4175705308677409,0.3519252837237586,25.94458562807132,FY24,0.18904055728514746,0.12918691712220037
JBCHEPHARM,506943,Q1FY25,0.43081358895739996,0.7744951567871665,26.34523833755954,FY25,0.19211222412996698,0.00812328585861519
JBCHEPHARM,506943,Q1FY26,0.5727534441323585,0.01373692654695155,26.309785874074095,FY26,0.19211222412996698,0.00812328585861519
JBCHEPHARM,506943,Q2FY22,0.38007127615205716,0.6582101296350825,25.693278729586403,FY22,0.19211222412996698,0.00812328585861519
JBCHEPHARM,506943,Q2FY23,0.4311209472862445,0.07307913379039475,25.730869413661267,FY23,0.1652327842795874,0.23079230441547777
JBCHEPHARM,506943,Q2FY24,0.402814188878451,0.551153660326142,26.173118633878488,FY24,0.18904055728514746,0.12918691712220037
JBCHEPHARM,506943,Q2FY25,0.3913689152393205,0.47450712400838013,26.41505307688033,FY25,0.19211222412996698,0.00812328585861519
JBCHEPHARM,506943,Q2FY26,0.630501033384858,-0.11095063168198227,26.33161759027831,FY26,0.19211222412996698,0.00812328585861519
JBCHEPHARM,506943,Q3FY22,0.34244615501477627,0.5549787394886814,25.645417503329938,FY22,0.19211222412996698,0.00812328585861519
JBCHEPHARM,506943,Q3FY23,0.4544642579989037,0.22714933684425678,25.74365322437058,FY23,0.1652327842795874,0.23079230441547777
JBCHEPHARM,506943,Q3FY24,0.6132250164466588,0.39091812694562095,26.264951162945106,FY24,0.18904055728514746,0.12918691712220037
JBCHEPHARM,506943,Q3FY25,0.42686532100521113,0.1559966931883304,26.39846294498381,FY25,0.19211222412996698,0.00812328585861519
JBCHEPHARM,506943,Q3FY26,0.5927109012218985,0.018869931192112832,26.393971320136192,FY26,0.19211222412996698,0.00812328585861519
JBCHEPHARM,506943,Q4FY21,0.4087834228248194,0.08940414945867,25.291757194334235,FY21,0.19211222412996698,0.00812328585861519
JBCHEPHARM,506943,Q4FY22,0.3012208972566095,0.4974312867145297,25.528424766512007,FY22,0.19211222412996698,0.00812328585861519
JBCHEPHARM,506943,Q4FY23,0.49693938809939703,0.2148575704836028,25.764235086680372,FY23,0.1652327842795874,0.23079230441547777
JBCHEPHARM,506943,Q4FY24,0.6097170000790331,0.6995450690225947,26.283986634797955,FY24,0.18904055728514746,0.12918691712220037
JBCHEPHARM,506943,Q4FY25,0.4718672614691015,-0.0263847708030616,26.27580829632876,FY25,0.19211222412996698,0.00812328585861519
JBCHEPHARM,506943,Q4FY26,0.5386781612694307,0.305274118998566,26.52676506209707,FY26,0.19211222412996698,0.00812328585861519
JINDALSTEL,532286,Q1FY22,1.3137005967830437,0.46770330597902726,26.71163820048767,FY22,,
JINDALSTEL,532286,Q1FY23,1.4104567421715528,-0.04512280710555142,26.52559886678167,FY23,0.10267228673183221,0.3370569063892287
JINDALSTEL,532286,Q1FY24,1.4406893837616919,0.3628578101928731,27.098262344404066,FY24,0.13400168471845728,0.37169727148269893
JINDALSTEL,532286,Q1FY25,1.3166201606290628,0.9886980720723789,27.687728059305787,FY25,0.059598117023928004,0.39008428123585354
JINDALSTEL,532286,Q1FY26,1.1780736773141807,-0.11065661250666059,27.586307712734964,FY26,0.059598117023928004,0.39008428123585354
JINDALSTEL,532286,Q2FY22,1.3503801837393787,0.39533598230798933,26.69079080042576,FY22,0.059598117023928004,0.39008428123585354
JINDALSTEL,532286,Q2FY23,1.3951058875830014,0.14947643258897617,26.79394969947499,FY23,0.10267228673183221,0.3370569063892287
JINDALSTEL,532286,Q2FY24,1.4802665326705293,0.7071289603447751,27.28953725658668,FY24,0.13400168471845728,0.37169727148269893
JINDALSTEL,532286,Q2FY25,1.3197806828261276,0.5169347348004945,27.685260386391256,FY25,0.059598117023928004,0.39008428123585354
JINDALSTEL,532286,Q2FY26,1.1813322417997485,-0.0041700246941663525,27.710158456820086,FY26,0.059598117023928004,0.39008428123585354
JINDALSTEL,532286,Q3FY22,1.4298296512870383,0.3105682586787439,26.659477188366058,FY22,0.059598117023928004,0.39008428123585354
JINDALSTEL,532286,Q3FY23,1.394136961858667,0.6037917259620526,27.09748759206114,FY23,0.10267228673183221,0.3370569063892287
JINDALSTEL,532286,Q3FY24,1.2544402490706572,0.2814156059176024,27.354066788426742,FY24,0.13400168471845728,0.37169727148269893
JINDALSTEL,532286,Q3FY25,1.284212104360704,0.39788715590809953,27.5745579634194,FY25,0.059598117023928004,0.39008428123585354
JINDALSTEL,532286,Q3FY26,1.275529491939057,0.17616380775404683,27.70076078104297,FY26,0.059598117023928004,0.39008428123585354
JINDALSTEL,532286,Q4FY21,1.1428141011234811,0.2433833678240773,26.566047292073815,FY21,0.059598117023928004,0.39008428123585354
JINDALSTEL,532286,Q4FY22,1.4924252354236283,0.3208454733772807,27.007021376055885,FY22,0.059598117023928004,0.39008428123585354
JINDALSTEL,532286,Q4FY23,1.3583533652597266,0.37215509423393445,27.03641085333688,FY23,0.10267228673183221,0.3370569063892287
JINDALSTEL,532286,Q4FY24,1.4777850457142354,0.3167092610176518,27.480766034730543,FY24,0.13400168471845728,0.37169727148269893
JINDALSTEL,532286,Q4FY25,1.044914491484658,0.12972791735530764,27.554589771495223,FY25,0.059598117023928004,0.39008428123585354
JINDALSTEL,532286,Q4FY26,1.4463537515473583,0.4983322568381517,27.755506949498287,FY26,0.059598117023928004,0.39008428123585354
JMFINANCIL,523405,Q1FY22,0.9272600054025396,-0.0029936325204779294,25.054841138382546,FY22,,
JMFINANCIL,523405,Q1FY23,1.0105504525153568,-0.2520789188519309,24.689128259924733,FY23,0.07341087920002556,1.959064729986505
JMFINANCIL,523405,Q1FY24,0.8933710118909841,0.19731205190103543,24.92100512013221,FY24,0.04827041988104352,1.9112808432954478
JMFINANCIL,523405,Q1FY25,1.2685364152860181,0.24481954231120356,25.12259920264583,FY25,0.08442916178375377,1.182935504430601
JMFINANCIL,523405,Q1FY26,1.4463236642119397,0.6784681214271138,25.73991470938399,FY26,0.08442916178375377,1.182935504430601
JMFINANCIL,523405,Q2FY22,0.954701379324508,0.07741940526460989,25.099587542677124,FY22,0.08442916178375377,1.182935504430601
JMFINANCIL,523405,Q2FY23,0.9302130491376241,-0.2732349859681588,24.918766472130137,FY23,0.07341087920002556,1.959064729986505
JMFINANCIL,523405,Q2FY24,0.9387400739253962,0.2243565377967069,25.082809134943258,FY24,0.04827041988104352,1.9112808432954478
JMFINANCIL,523405,Q2FY25,1.2981119441010796,0.3413116519344933,25.66510153313016,FY25,0.08442916178375377,1.182935504430601
JMFINANCIL,523405,Q2FY26,1.568847311062144,0.8141480793222146,25.742171450872583,FY26,0.08442916178375377,1.182935504430601
JMFINANCIL,523405,Q3FY22,0.862105410243102,-0.1830491816286455,24.881294320109827,FY22,0.08442916178375377,1.182935504430601
JMFINANCIL,523405,Q3FY23,1.0719327258418145,0.0584195803018024,24.880378087931007,FY23,0.07341087920002556,1.959064729986505
JMFINANCIL,523405,Q3FY24,1.1822329213149658,0.21793606509291488,25.21242440670605,FY24,0.04827041988104352,1.9112808432954478
JMFINANCIL,523405,Q3FY25,1.200561711925793,0.6724505191983355,25.51780945894529,FY25,0.08442916178375377,1.182935504430601
JMFINANCIL,523405,Q3FY26,1.672458100240583,0.19571424254885425,25.68995778191258,FY26,0.08442916178375377,1.182935504430601
JMFINANCIL,523405,Q4FY21,0.8693322194894311,0.05330235025579594,25.003450832707493,FY21,0.08442916178375377,1.182935504430601
JMFINANCIL,523405,Q4FY22,0.9613742464838133,-0.24021168479055513,24.792682273874405,FY22,0.08442916178375377,1.182935504430601
JMFINANCIL,523405,Q4FY23,0.9814370317306992,0.03847213746708452,24.69833614743625,FY23,0.07341087920002556,1.959064729986505
JMFINANCIL,523405,Q4FY24,1.4961309162083118,0.6240322419271337,24.93788035530743,FY24,0.04827041988104352,1.9112808432954478
JMFINANCIL,523405,Q4FY25,1.2345412983974655,0.0025030879271527584,25.21556018867066,FY25,0.08442916178375377,1.182935504430601
JMFINANCIL,523405,Q4FY26,1.6673638039298981,0.40974179368566116,25.411427538564322,FY26,0.08442916178375377,1.182935504430601
JUBLFOOD,533155,Q1FY22,0.6711270571723329,0.09415293068695273,26.717500904746124,FY22,,
JUBLFOOD,533155,Q1FY23,1.3061361890455863,-0.10069280004253041,26.53462829586903,FY23,0.17332551440531163,1.2531899754145421
JUBLFOOD,533155,Q1FY24,1.0215686212408681,0.042777732498697006,26.51502494366625,FY24,0.1839750635986957,1.938069474376705
JUBLFOOD,533155,Q1FY25,0.46909469604223675,0.08296772029813396,26.63414591141036,FY25,0.10023264794449929,2.0790979232889533
JUBLFOOD,533155,Q1FY26,0.9135769842727902,0.4074020595740921,26.85613546966975,FY26,0.10023264794449929,2.0790979232889533
JUBLFOOD,533155,Q2FY22,0.7400847096972172,0.432792687349902,26.990600244684632,FY22,0.10023264794449929,2.0790979232889533
JUBLFOOD,533155,Q2FY23,1.2539255046550133,-0.19072039965008064,26.731984933216015,FY23,0.17332551440531163,1.2531899754145421
JUBLFOOD,533155,Q2FY24,0.9616075835264521,-0.12082789715856815,26.579131330553878,FY24,0.1839750635986957,1.938069474376705
JUBLFOOD,533155,Q2FY25,0.4677454854146452,0.3537841491391384,26.827370128346466,FY25,0.10023264794449929,2.0790979232889533
JUBLFOOD,533155,Q2FY26,1.00231543320759,-0.0444512317890314,26.72974612439474,FY26,0.10023264794449929,2.0790979232889533
JUBLFOOD,533155,Q3FY22,0.916055266348698,0.3495508732535628,26.872591360137733,FY22,0.10023264794449929,2.0790979232889533
JUBLFOOD,533155,Q3FY23,1.2142931136321842,-0.25064549728316565,26.534387470615968,FY23,0.17332551440531163,1.2531899754145421
JUBLFOOD,533155,Q3FY24,0.7299474483103033,0.03645590176267555,26.6373365385315,FY24,0.1839750635986957,1.938069474376705
JUBLFOOD,533155,Q3FY25,0.5527377943308237,0.2391025930355881,26.879095892992357,FY25,0.10023264794449929,2.0790979232889533
JUBLFOOD,533155,Q3FY26,1.061516781176257,-0.05640391956269435,26.629662582588605,FY26,0.10023264794449929,2.0790979232889533
JUBLFOOD,533155,Q4FY21,0.5125914479033447,0.07236458261819506,26.660985768990834,FY21,0.10023264794449929,2.0790979232889533
JUBLFOOD,533155,Q4FY22,1.1814413047836845,-0.06385863876159473,26.563585176581242,FY22,0.10023264794449929,2.0790979232889533
JUBLFOOD,533155,Q4FY23,1.2116417685510674,-0.27079969452157526,26.384922025196346,FY23,0.17332551440531163,1.2531899754145421
JUBLFOOD,533155,Q4FY24,0.7140276386057015,0.07367950148368013,26.407111124264436,FY24,0.1839750635986957,1.938069474376705
JUBLFOOD,533155,Q4FY25,0.6915868716476681,0.3440169064255699,26.80129611574232,FY25,0.10023264794449929,2.0790979232889533
JUBLFOOD,533155,Q4FY26,0.9657024700728603,-0.25134834778378823,26.37750390914904,FY26,0.10023264794449929,2.0790979232889533
JUBLPHARMA,530019,Q1FY22,0.6509440625105619,0.32410626512816954,25.432117762228064,FY22,,
JUBLPHARMA,530019,Q1FY23,0.6026414133000271,-0.5515030002473843,24.683335758362393,FY23,-0.011297760820847148,0.6809771637064064
JUBLPHARMA,530019,Q1FY24,0.9369506977642209,-0.14230911866312126,24.845792320708334,FY24,0.014188704245569481,0.6742855039658441
JUBLPHARMA,530019,Q1FY25,1.0730206937737874,1.107699531579138,25.4767018760499,FY25,0.13419878815009034,0.43661769172968395
JUBLPHARMA,530019,Q1FY26,0.7498438986182591,0.6710757277778187,25.975049998760404,FY26,0.13419878815009034,0.43661769172968395
JUBLPHARMA,530019,Q2FY22,0.6097555389084303,0.04555071125851226,25.27915586835745,FY22,0.13419878815009034,0.43661769172968395
JUBLPHARMA,530019,Q2FY23,0.6845341092847992,-0.43571611184041686,24.674921715226734,FY23,-0.011297760820847148,0.6809771637064064
JUBLPHARMA,530019,Q2FY24,0.7905451854920198,0.38716257225420153,24.946080363124246,FY24,0.014188704245569481,0.6742855039658441
JUBLPHARMA,530019,Q2FY25,0.9805458276613681,1.12070293307238,25.924391352187886,FY25,0.13419878815009034,0.43661769172968395
JUBLPHARMA,530019,Q2FY26,0.8648666804556338,0.11386272584309014,25.86460366705891,FY26,0.13419878815009034,0.43661769172968395
JUBLPHARMA,530019,Q3FY22,0.5993270533148862,-0.06731151629469988,25.217909591210766,FY22,0.13419878815009034,0.43661769172968395
JUBLPHARMA,530019,Q3FY23,0.7331929167605897,-0.35241079945502574,24.784218456777886,FY23,-0.011297760820847148,0.6809771637064064
JUBLPHARMA,530019,Q3FY24,1.299182229149257,0.12790067399647753,25.172000644885202,FY24,0.014188704245569481,0.6742855039658441
JUBLPHARMA,530019,Q3FY25,0.7659309199557854,1.851535409038218,25.883960162154057,FY25,0.13419878815009034,0.43661769172968395
JUBLPHARMA,530019,Q3FY26,0.944386258264927,-0.03192252097830555,25.858936373237118,FY26,0.13419878815009034,0.43661769172968395
JUBLPHARMA,530019,Q4FY21,0.9748755455768956,0.203960455735708,25.359704785462945,FY21,0.13419878815009034,0.43661769172968395
JUBLPHARMA,530019,Q4FY22,0.4000650028965895,-0.4776507453611707,24.80495836059984,FY22,0.13419878815009034,0.43661769172968395
JUBLPHARMA,530019,Q4FY23,0.9247147297329444,-0.2594886338698492,24.48863338832483,FY23,-0.011297760820847148,0.6809771637064064
JUBLPHARMA,530019,Q4FY24,1.4378513237294448,0.8642694081340511,25.215850556299262,FY24,0.014188704245569481,0.6742855039658441
JUBLPHARMA,530019,Q4FY25,0.77809380651844,0.5711531053432088,25.67400748881805,FY25,0.13419878815009034,0.43661769172968395
JUBLPHARMA,530019,Q4FY26,0.7651537729371671,-0.10110735697408399,25.585408722755858,FY26,0.13419878815009034,0.43661769172968395
KAJARIACER,500233,Q1FY22,0.5736390389287634,0.37854102976581894,25.733926772098513,FY22,,
KAJARIACER,500233,Q1FY23,0.7370704075536227,0.1065057353431134,25.7070335181598,FY23,0.14805869055089008,0.1073672629126948
KAJARIACER,500233,Q1FY24,0.3556428007743942,0.270830786239594,25.997974709394377,FY24,0.16132373286859747,0.09131907022250758
KAJARIACER,500233,Q1FY25,0.6719930838384194,0.09691630097909529,26.117826020324983,FY25,0.10725711828709271,0.09979084224257927
KAJARIACER,500233,Q1FY26,0.6679725626747187,-0.17689819038547322,25.861980919821388,FY26,0.10725711828709271,0.09979084224257927
KAJARIACER,500233,Q2FY22,0.525561537671003,0.6769086726774884,25.93399888383142,FY22,0.10725711828709271,0.09979084224257927
KAJARIACER,500233,Q2FY23,0.7457298020208221,0.023334628931285156,25.945955467012485,FY23,0.14805869055089008,0.1073672629126948
KAJARIACER,500233,Q2FY24,0.2985872376294832,0.23910042715306082,26.050043205821822,FY24,0.16132373286859747,0.09131907022250758
KAJARIACER,500233,Q2FY25,0.6912123065876867,-0.06557056740154371,26.16245670455908,FY25,0.10725711828709271,0.09979084224257927
KAJARIACER,500233,Q2FY26,0.6558152591100733,-0.08741859209114136,25.94160526297471,FY26,0.10725711828709271,0.09979084224257927
KAJARIACER,500233,Q3FY22,0.6202786527452787,0.6279963186919539,26.01535410632878,FY22,0.10725711828709271,0.09979084224257927
KAJARIACER,500233,Q3FY23,0.679093662035033,0.04812394600609973,25.911892940828896,FY23,0.14805869055089008,0.1073672629126948
KAJARIACER,500233,Q3FY24,0.3786225354393279,0.2657802274455873,26.039220236717682,FY24,0.16132373286859747,0.09131907022250758
KAJARIACER,500233,Q3FY25,0.6952858850972938,-0.032502255042322736,25.931608759517996,FY25,0.10725711828709271,0.09979084224257927
KAJARIACER,500233,Q3FY26,0.583398473397732,-0.1129148820124098,25.76187429407173,FY26,0.10725711828709271,0.09979084224257927
KAJARIACER,500233,Q4FY21,0.25105934872491864,0.3513583975943179,25.67827080989973,FY21,0.10725711828709271,0.09979084224257927
KAJARIACER,500233,Q4FY22,0.8857987363791782,0.11371461647172233,25.77986678198215,FY22,0.10725711828709271,0.09979084224257927
KAJARIACER,500233,Q4FY23,0.46336655273195004,-0.08931770556265943,25.82164657766837,FY23,0.14805869055089008,0.1073672629126948
KAJARIACER,500233,Q4FY24,0.6438876726560715,0.17177129800892157,25.919519584030883,FY24,0.16132373286859747,0.09131907022250758
KAJARIACER,500233,Q4FY25,0.7074651363429574,-0.2925767815963552,25.631991558185128,FY25,0.10725711828709271,0.09979084224257927
KAJARIACER,500233,Q4FY26,0.8132407705607917,0.1046372445992729,25.710608144478858,FY26,0.10725711828709271,0.09979084224257927
KANSAINER,500165,Q1FY22,0.7954837749651822,-0.09182617234784347,26.419821807442535,FY22,,
KANSAINER,500165,Q1FY23,0.40702119866249853,-0.3092560640725733,25.98458640580681,FY23,0.10445772768379029,0.0633125261927344
KANSAINER,500165,Q1FY24,0.4990360660337684,0.08952556815964863,26.18656780570796,FY24,0.21234702358774468,0.04951491788713422
KANSAINER,500165,Q1FY25,0.6472545869135506,-0.009686626995881869,26.09391761432361,FY25,0.17794200985184863,0.046143954066222855
KANSAINER,500165,Q1FY26,0.5608681530862596,-0.05907817644707731,26.04091110342587,FY26,0.17794200985184863,0.046143954066222855
KANSAINER,500165,Q2FY22,0.7425711569493847,-0.016527865201181772,26.515969243984348,FY22,0.17794200985184863,0.046143954066222855
KANSAINER,500165,Q2FY23,0.5088255002399029,-0.1922179585233373,26.263423868132698,FY23,0.10445772768379029,0.0633125261927344
KANSAINER,500165,Q2FY24,0.2571483164924905,0.02207237165089503,26.242106269034235,FY24,0.21234702358774468,0.04951491788713422
KANSAINER,500165,Q2FY25,0.5529165756437132,-0.08417660826799778,26.23008349200719,FY25,0.17794200985184863,0.046143954066222855
KANSAINER,500165,Q2FY26,0.6125607752836919,-0.1761414645658081,26.021812614793998,FY26,0.17794200985184863,0.046143954066222855
KANSAINER,500165,Q3FY22,0.6612075555964365,-0.04556541422553669,26.44943522743039,FY22,0.17794200985184863,0.046143954066222855
KANSAINER,500165,Q3FY23,0.5069231065301084,-0.23679249298283686,26.15480164845723,FY23,0.10445772768379029,0.0633125261927344
KANSAINER,500165,Q3FY24,0.3828619636573414,0.11309906728566625,26.290678816824446,FY24,0.21234702358774468,0.04951491788713422
KANSAINER,500165,Q3FY25,0.6404257964668731,-0.11065798843233526,26.074855228325745,FY25,0.17794200985184863,0.046143954066222855
KANSAINER,500165,Q3FY26,0.5477056727069278,-0.14348923232641075,25.97238554283721,FY26,0.17794200985184863,0.046143954066222855
KANSAINER,500165,Q4FY21,0.9360303819079345,-0.11886174224083729,26.45684062446503,FY21,0.17794200985184863,0.046143954066222855
KANSAINER,500165,Q4FY22,0.4798281028555941,-0.18721959522072762,26.21521485757714,FY22,0.17794200985184863,0.046143954066222855
KANSAINER,500165,Q4FY23,0.4526344462121257,-0.13016872303966012,26.0276407296649,FY23,0.10445772768379029,0.0633125261927344
KANSAINER,500165,Q4FY24,0.6492847845847045,0.08903811757355874,26.051084174381227,FY24,0.21234702358774468,0.04951491788713422
KANSAINER,500165,Q4FY25,0.5747199421660707,-0.2465943682371172,25.945734500968467,FY25,0.17794200985184863,0.046143954066222855
KANSAINER,500165,Q4FY26,0.5820883980305043,-0.08792221116010607,25.630197297130923,FY26,0.17794200985184863,0.046143954066222855
KAYNES,543664,Q1FY22,,,,FY22,,
KAYNES,543664,Q1FY23,,,,FY23,0.0992615547598541,0.16135059778403865
KAYNES,543664,Q1FY24,0.2707793082331126,1.0736284163476009,25.33753420633976,FY24,0.0737021234160431,0.12969859129217268
KAYNES,543664,Q1FY25,1.5032920887195251,1.9085388183593757,26.277431396625452,FY25,0.1033120207304965,0.3179205424855471
KAYNES,543664,Q1FY26,1.3940755981199782,0.8067556685538427,26.73594430943704,FY26,0.1033120207304965,0.3179205424855471
KAYNES,543664,Q2FY22,,,,FY22,0.1033120207304965,0.3179205424855471
KAYNES,543664,Q2FY23,,,,FY23,0.0992615547598541,0.16135059778403865
KAYNES,543664,Q2FY24,0.41226867738428147,1.8724544394837248,25.761515116942494,FY24,0.0737021234160431,0.12969859129217268
KAYNES,543664,Q2FY25,1.4628653988377682,1.7190207172876353,26.619631685222767,FY25,0.1033120207304965,0.3179205424855471
KAYNES,543664,Q2FY26,1.4677237591260819,0.3211890701631477,26.881786811039433,FY26,0.1033120207304965,0.3179205424855471
KAYNES,543664,Q3FY22,,,,FY22,0.1033120207304965,0.3179205424855471
KAYNES,543664,Q3FY23,,,24.64205935542871,FY23,0.0992615547598541,0.16135059778403865
KAYNES,543664,Q3FY24,0.4861099286902014,2.516704188314706,25.88803649231189,FY24,0.0737021234160431,0.12969859129217268
KAYNES,543664,Q3FY25,1.4974739477369303,1.458659355430651,26.932290629728556,FY25,0.1033120207304965,0.3179205424855471
KAYNES,543664,Q3FY26,1.5538295590104652,-0.10477557367633164,26.318014637788586,FY26,0.1033120207304965,0.3179205424855471
KAYNES,543664,Q4FY21,,,,FY21,0.1033120207304965,0.3179205424855471
KAYNES,543664,Q4FY22,,,,FY22,0.1033120207304965,0.3179205424855471
KAYNES,543664,Q4FY23,0.4132763070035646,0.2563953333561567,24.89056596075191,FY23,0.0992615547598541,0.16135059778403865
KAYNES,543664,Q4FY24,0.683338018428644,2.1854253796931267,25.983466771065753,FY24,0.0737021234160431,0.12969859129217268
KAYNES,543664,Q4FY25,1.649301799592616,0.5379562576832189,26.48606213470303,FY25,0.1033120207304965,0.3179205424855471
KAYNES,543664,Q4FY26,1.719069846938813,-0.010957322003985394,26.160919211279968,FY26,0.1033120207304965,0.3179205424855471
KEC,532714,Q1FY22,0.7281359718750948,0.08105929104735292,25.479004812605197,FY22,,
KEC,532714,Q1FY23,0.6607179975034557,-0.05283853866306453,25.35339662564604,FY23,0.04667460353234715,0.8971053420055523
KEC,532714,Q1FY24,0.6089384684201191,0.40724759945748706,25.69605691281328,FY24,0.08466928730131601,0.9671094074273018
KEC,532714,Q1FY25,0.933487763149772,0.5901437362120715,26.17650170473464,FY25,0.10673124573394796,0.7400686308427381
KEC,532714,Q1FY26,1.212251053291896,0.0717263221574426,26.216157023270988,FY26,0.10673124573394796,0.7400686308427381
KEC,532714,Q2FY22,0.7416657806829967,0.15571441599660704,25.46697575886477,FY22,0.10673124573394796,0.7400686308427381
KEC,532714,Q2FY23,0.5945932395432659,0.05625392393114245,25.49274175252623,FY23,0.04667460353234715,0.8971053420055523
KEC,532714,Q2FY24,0.693181461082178,0.6375363370703506,25.884790023387442,FY24,0.08466928730131601,0.9671094074273018
KEC,532714,Q2FY25,1.006216250768592,0.5243642105849883,26.339050378790844,FY25,0.10673124573394796,0.7400686308427381
KEC,532714,Q2FY26,1.2095929546800948,-0.04731986519254343,26.171636758339723,FY26,0.10673124573394796,0.7400686308427381
KEC,532714,Q3FY22,0.7227509642069423,0.1740375672965308,25.545089553643297,FY22,0.10673124573394796,0.7400686308427381
KEC,532714,Q3FY23,0.6228435086874308,-0.053714187594218255,25.587495941801436,FY23,0.04667460353234715,0.8971053420055523
KEC,532714,Q3FY24,0.577764466084932,0.4036715251929825,25.767535175283438,FY24,0.08466928730131601,0.9671094074273018
KEC,532714,Q3FY25,0.9562730697143725,0.7673596067390724,26.482545918178094,FY25,0.10673124573394796,0.7400686308427381
KEC,532714,Q3FY26,1.375390157231609,-0.3177442755042034,26.003566811075473,FY26,0.10673124573394796,0.7400686308427381
KEC,532714,Q4FY21,0.7325835362475961,0.1578168105127717,25.381782532483125,FY21,0.10673124573394796,0.7400686308427381
KEC,532714,Q4FY22,0.6504426028005265,0.14242412554858974,25.310584467264455,FY22,0.10673124573394796,0.7400686308427381
KEC,532714,Q4FY23,0.6076035275761461,0.0063368682289317605,25.507310002013806,FY23,0.04667460353234715,0.8971053420055523
KEC,532714,Q4FY24,0.5352160285634496,0.4078607655146825,25.931601600166594,FY24,0.08466928730131601,0.9671094074273018
KEC,532714,Q4FY25,1.2216527525130783,0.14170327837637375,26.0562828769833,FY25,0.10673124573394796,0.7400686308427381
KEC,532714,Q4FY26,1.210174845624444,-0.1698303217297096,25.63671494213674,FY26,0.10673124573394796,0.7400686308427381
KEI,517569,Q1FY22,0.5098486727549792,0.3128162269459942,24.91006909981771,FY22,,
KEI,517569,Q1FY23,0.8166570078148411,1.0850005994428351,25.42039855712183,FY23,0.184361559472019,0.06250115866620526
KEI,517569,Q1FY24,0.6150580499612563,0.7960028237387902,26.11988990711258,FY24,0.18446483522347554,0.05280020989345239
KEI,517569,Q1FY25,0.6593956785232733,1.1931385076024175,26.767437813726666,FY25,0.12036710884500713,0.0375418917167178
KEI,517569,Q1FY26,1.0662698093390146,-0.15655865855175446,26.615313412147323,FY26,0.12036710884500713,0.0375418917167178
KEI,517569,Q2FY22,0.5042358483373138,0.6038748625367468,25.200451300584525,FY22,0.12036710884500713,0.0375418917167178
KEI,517569,Q2FY23,0.8246429500779753,0.9915054166123005,25.646738461571747,FY23,0.184361559472019,0.06250115866620526
KEI,517569,Q2FY24,0.5130953187784609,0.9190579833105595,26.255987360224808,FY24,0.18446483522347554,0.05280020989345239
KEI,517569,Q2FY25,0.781342295488567,0.8799765682364289,26.739307663925487,FY25,0.12036710884500713,0.0375418917167178
KEI,517569,Q2FY26,1.09667785944903,-0.13686368787564582,26.684010878346296,FY26,0.12036710884500713,0.0375418917167178
KEI,517569,Q3FY22,0.6146483379809682,1.416019348822382,25.431480816887728,FY22,0.12036710884500713,0.0375418917167178
KEI,517569,Q3FY23,0.7455120901397556,0.48952127885072777,25.660071953090306,FY23,0.184361559472019,0.06250115866620526
KEI,517569,Q3FY24,0.6885648814444331,0.7548510290298717,26.45870665675713,FY24,0.18446483522347554,0.05280020989345239
KEI,517569,Q3FY25,0.8460636458077144,0.5561466639726945,26.771220306226425,FY25,0.12036710884500713,0.0375418917167178
KEI,517569,Q3FY26,1.147322862348881,0.009693427747939899,26.777455172360888,FY26,0.12036710884500713,0.0375418917167178
KEI,517569,Q4FY21,0.3411205758693744,0.04841753738049487,24.627397659418822,FY21,0.12036710884500713,0.0375418917167178
KEI,517569,Q4FY22,0.716226664607392,0.9993797519355291,25.5103266511365,FY22,0.12036710884500713,0.0375418917167178
KEI,517569,Q4FY23,0.8217084710951372,0.5737262354032849,25.810054772101697,FY23,0.184361559472019,0.06250115866620526
KEI,517569,Q4FY24,0.7359754775096606,0.9742641935354264,26.522531607086236,FY24,0.18446483522347554,0.05280020989345239
KEI,517569,Q4FY25,0.7966461621476617,0.15636821302614212,26.34450377003539,FY25,0.12036710884500713,0.0375418917167178
KEI,517569,Q4FY26,1.2415817674145566,0.45429945537624944,26.679194400724416,FY26,0.12036710884500713,0.0375418917167178
KFINTECH,543720,Q1FY22,,,,FY22,,
KFINTECH,543720,Q1FY23,,,,FY23,0.22492651300472752,0.1836761194269968
KFINTECH,543720,Q1FY24,1.0398373055956915,-0.07640517275785014,24.86922622708057,FY24,0.21564430888964847,0.04264805125373579
KFINTECH,543720,Q1FY25,0.8827086540038913,1.1879414604215932,25.505064301380674,FY25,0.23626787325174203,0.03304589332518841
KFINTECH,543720,Q1FY26,1.3773836712505811,0.45479429510566405,26.165529002217006,FY26,0.23626787325174203,0.03304589332518841
KFINTECH,543720,Q2FY22,,,,FY22,0.23626787325174203,0.03304589332518841
KFINTECH,543720,Q2FY23,,,,FY23,0.22492651300472752,0.1836761194269968
KFINTECH,543720,Q2FY24,0.6429429604552073,0.19279918752138797,25.105260102404294,FY24,0.21564430888964847,0.04264805125373579
KFINTECH,543720,Q2FY25,1.0838424398228923,1.7483541501431332,25.8881080188562,FY25,0.23626787325174203,0.03304589332518841
KFINTECH,543720,Q2FY26,1.3447108972532638,-0.061528580466223295,25.924210363290786,FY26,0.23626787325174203,0.03304589332518841
KFINTECH,543720,Q3FY22,,,,FY22,0.23626787325174203,0.03304589332518841
KFINTECH,543720,Q3FY23,,,24.795792355929027,FY23,0.22492651300472752,0.1836761194269968
KFINTECH,543720,Q3FY24,0.7070161238601789,0.4444139123375653,25.133093625105335,FY24,0.21564430888964847,0.04264805125373579
KFINTECH,543720,Q3FY25,1.1518091924357283,1.1933554783419138,26.297124720635637,FY25,0.23626787325174203,0.03304589332518841
KFINTECH,543720,Q3FY26,1.3791564984532396,-0.04620637384085188,25.952613687599037,FY26,0.23626787325174203,0.03304589332518841
KFINTECH,543720,Q4FY21,,,,FY21,0.23626787325174203,0.03304589332518841
KFINTECH,543720,Q4FY22,,,,FY22,0.23626787325174203,0.03304589332518841
KFINTECH,543720,Q4FY23,0.9924997596641587,-0.1908753251230652,24.589380333587986,FY23,0.22492651300472752,0.1836761194269968
KFINTECH,543720,Q4FY24,0.5498611029516918,1.2959379711182328,25.373122991043182,FY24,0.21564430888964847,0.04264805125373579
KFINTECH,543720,Q4FY25,1.3745451096747041,0.40442941614877964,25.896299972099,FY25,0.23626787325174203,0.03304589332518841
KFINTECH,543720,Q4FY26,1.3829959653512414,0.25441404124949624,25.74204096206627,FY26,0.23626787325174203,0.03304589332518841
KIMS,543308,Q1FY22,,,25.0512363792675,FY22,,
KIMS,543308,Q1FY23,0.5806510190633005,0.2990620884024108,25.27500271989996,FY23,0.20144614857523457,0.4062045907310885
KIMS,543308,Q1FY24,0.23904934911853928,0.26889080870390697,25.686457744398613,FY24,0.169565693031397,0.7414396674324473
KIMS,543308,Q1FY25,0.3236004643908333,0.18581242230332534,25.84009679314648,FY25,0.17985779773599028,1.1959491065581438
KIMS,543308,Q1FY26,0.7754393440742403,0.8241316593017486,26.319958808948513,FY26,0.17985779773599028,1.1959491065581438
KIMS,543308,Q2FY22,0.8056762905581396,0.28933240061794374,25.30555559151849,FY22,0.17985779773599028,1.1959491065581438
KIMS,543308,Q2FY23,0.5247995599150241,-0.014673907957043708,25.520361906404048,FY23,0.20144614857523457,0.4062045907310885
KIMS,543308,Q2FY24,0.2761858049095502,0.5956262052743984,25.787119087453966,FY24,0.169565693031397,0.7414396674324473
KIMS,543308,Q2FY25,0.3428133762241837,0.3113649889918193,26.12907937427039,FY25,0.17985779773599028,1.1959491065581438
KIMS,543308,Q2FY26,0.8239230484502659,0.44245066163572866,26.358617014936097,FY26,0.17985779773599028,1.1959491065581438
KIMS,543308,Q3FY22,0.5428287831408685,0.2836651674192751,25.460267616008558,FY22,0.17985779773599028,1.1959491065581438
KIMS,543308,Q3FY23,0.46579882639775205,0.21540402496361694,25.542151197713714,FY23,0.20144614857523457,0.4062045907310885
KIMS,543308,Q3FY24,0.49117910352045696,0.3181466498230977,25.788332462217184,FY24,0.169565693031397,0.7414396674324473
KIMS,543308,Q3FY25,0.33576548570158765,0.5210267763399314,26.20091313621518,FY25,0.17985779773599028,1.1959491065581438
KIMS,543308,Q3FY26,0.9553656948719621,0.15181107647029887,26.2184835796123,FY26,0.17985779773599028,1.1959491065581438
KIMS,543308,Q4FY21,,,,FY21,0.17985779773599028,1.1959491065581438
KIMS,543308,Q4FY22,0.5816331963751376,0.2716284860218592,25.430039457150794,FY22,0.17985779773599028,1.1959491065581438
KIMS,543308,Q4FY23,0.4153655708354015,0.10184005329351496,25.443147194223528,FY23,0.20144614857523457,0.4062045907310885
KIMS,543308,Q4FY24,0.5178862761458309,0.5697028832468986,25.827981602471564,FY24,0.169565693031397,0.7414396674324473
KIMS,543308,Q4FY25,0.4991257690055889,0.14815054930552451,26.26816532505352,FY25,0.17985779773599028,1.1959491065581438
KIMS,543308,Q4FY26,0.9261961726378629,0.3329664430912921,26.239458293215318,FY26,0.17985779773599028,1.1959491065581438
KIRLOSENG,533293,Q1FY22,1.1126366875826648,0.7972707364310739,24.201608822019697,FY22,,
KIRLOSENG,533293,Q1FY23,1.364213468263519,-0.3065779920185999,23.655238047620504,FY23,0.144296511097895,1.4083452350461672
KIRLOSENG,533293,Q1FY24,1.0807581947885951,1.8027572054865735,24.744510309404298,FY24,0.16511036129451725,1.547651342757108
KIRLOSENG,533293,Q1FY25,0.7347506539334836,1.8329854531819256,26.020935365909203,FY25,0.1584804795075328,1.8851547059776446
KIRLOSENG,533293,Q1FY26,1.3572058386522763,-0.29109025213636297,25.53506728515379,FY26,0.1584804795075328,1.8851547059776446
KIRLOSENG,533293,Q2FY22,1.0551146124707573,0.7522209263408297,24.07611841952704,FY22,0.1584804795075328,1.8851547059776446
KIRLOSENG,533293,Q2FY23,1.4115176633086426,0.09665878711876594,24.25864780820613,FY23,0.144296511097895,1.4083452350461672
KIRLOSENG,533293,Q2FY24,0.8712379657012782,1.4085627703314563,25.07013907029629,FY24,0.16511036129451725,1.547651342757108
KIRLOSENG,533293,Q2FY25,0.8923984905113713,1.5812793001737728,25.89858112824972,FY25,0.1584804795075328,1.8851547059776446
KIRLOSENG,533293,Q2FY26,1.3825869641937683,-0.29450977586378185,25.616030933408847,FY26,0.1584804795075328,1.8851547059776446
KIRLOSENG,533293,Q3FY22,1.0878658581813783,0.5416812167181786,23.95800450882422,FY22,0.1584804795075328,1.8851547059776446
KIRLOSENG,533293,Q3FY23,1.4029639475455573,0.8757020998001579,24.541793767058902,FY23,0.144296511097895,1.4083452350461672
KIRLOSENG,533293,Q3FY24,0.9213588239620215,0.7436793888623251,25.264077182485508,FY24,0.16511036129451725,1.547651342757108
KIRLOSENG,533293,Q3FY25,1.0156499795232938,1.082478355410776,25.718924089531445,FY25,0.1584804795075328,1.8851547059776446
KIRLOSENG,533293,Q3FY26,1.422749067688002,0.016848996165535816,25.898584539560602,FY26,0.1584804795075328,1.8851547059776446
KIRLOSENG,533293,Q4FY21,0.9604734614046254,0.26853315915167153,23.826762642467525,FY21,0.1584804795075328,1.8851547059776446
KIRLOSENG,533293,Q4FY22,1.2553312851852414,-0.12368379056034386,23.63275668790759,FY22,0.1584804795075328,1.8851547059776446
KIRLOSENG,533293,Q4FY23,1.385191705838273,1.3894399792342775,24.754915202134185,FY23,0.144296511097895,1.4083452350461672
KIRLOSENG,533293,Q4FY24,0.5804309944923421,2.037339023923855,25.537833605422836,FY24,0.16511036129451725,1.547651342757108
KIRLOSENG,533293,Q4FY25,1.2659520290979995,-0.32056220987784156,25.367500293726433,FY25,0.1584804795075328,1.8851547059776446
KIRLOSENG,533293,Q4FY26,1.122472138860136,1.284036781225276,25.98682856905101,FY26,0.1584804795075328,1.8851547059776446
KPIL,522287,Q1FY22,,,,FY22,,
KPIL,522287,Q1FY23,,,,FY23,0.09336697298236249,0.8020408336193127
KPIL,522287,Q1FY24,,,25.22642819183297,FY24,0.0991847006319592,0.7801105101411252
KPIL,522287,Q1FY25,1.1794399560378706,1.0092555337390519,26.017674512080745,FY25,0.0899232804110954,0.6622587831416495
KPIL,522287,Q1FY26,1.1954223424574488,-0.11920579853818725,26.06833347951889,FY26,0.0899232804110954,0.6622587831416495
KPIL,522287,Q2FY22,,,,FY22,0.0899232804110954,0.6622587831416495
KPIL,522287,Q2FY23,,,,FY23,0.09336697298236249,0.8020408336193127
KPIL,522287,Q2FY24,0.4220128157338262,0.048757325566480283,25.38944551730575,FY24,0.0991847006319592,0.7801105101411252
KPIL,522287,Q2FY25,1.15222011595956,1.109579048017872,26.16861222241996,FY25,0.0899232804110954,0.6622587831416495
KPIL,522287,Q2FY26,1.2403944225643015,-0.09846988158860812,26.09057460392373,FY26,0.0899232804110954,0.6622587831416495
KPIL,522287,Q3FY22,,,,FY22,0.0899232804110954,0.6622587831416495
KPIL,522287,Q3FY23,,,,FY23,0.09336697298236249,0.8020408336193127
KPIL,522287,Q3FY24,0.3706186316880339,0.04222054295451942,25.505405985342616,FY24,0.0991847006319592,0.7801105101411252
KPIL,522287,Q3FY25,1.2363910874517618,0.6891661740098556,26.116018900577714,FY25,0.0899232804110954,0.6622587831416495
KPIL,522287,Q3FY26,1.2283345927084508,0.04953449120941955,26.047917947437345,FY26,0.0899232804110954,0.6622587831416495
KPIL,522287,Q4FY21,,,,FY21,0.0899232804110954,0.6622587831416495
KPIL,522287,Q4FY22,,,,FY22,0.0899232804110954,0.6622587831416495
KPIL,522287,Q4FY23,,,,FY23,0.09336697298236249,0.8020408336193127
KPIL,522287,Q4FY24,0.6549034529266659,0.6455923679726978,25.91654202675744,FY24,0.0991847006319592,0.7801105101411252
KPIL,522287,Q4FY25,1.3944968223360288,-0.07053295316535668,25.829980042153096,FY25,0.0899232804110954,0.6622587831416495
KPIL,522287,Q4FY26,0.9820611301380052,0.34037885589521166,25.919600534707158,FY26,0.0899232804110954,0.6622587831416495
KPRMILL,532889,Q1FY22,0.6747590927035758,0.7636951570691779,25.34721756962651,FY22,,
KPRMILL,532889,Q1FY23,0.8857427249056815,0.8456980410403584,25.874562004627677,FY23,0.21962991240163057,0.36369105590162654
KPRMILL,532889,Q1FY24,0.6299975597067071,0.015286441615269056,26.132010166017512,FY24,0.1847883200290026,0.2658005658260349
KPRMILL,532889,Q1FY25,0.295920657616721,0.39389029349835364,26.42163551510154,FY25,0.16295681727309078,0.09315473810475809
KPRMILL,532889,Q1FY26,0.42549152540852747,0.41466368918079033,26.684565871863214,FY26,0.16295681727309078,0.09315473810475809
KPRMILL,532889,Q2FY22,0.6893255430356627,1.0390226766930244,25.681811013902507,FY22,0.16295681727309078,0.09315473810475809
KPRMILL,532889,Q2FY23,0.8574663423413456,0.7319613586036077,25.913530072367056,FY23,0.21962991240163057,0.36369105590162654
KPRMILL,532889,Q2FY24,0.5364760189645912,0.23044353186947103,26.26011535398437,FY24,0.1847883200290026,0.2658005658260349
KPRMILL,532889,Q2FY25,0.2985315742709698,0.24408335348195134,26.502861542150868,FY25,0.16295681727309078,0.09315473810475809
KPRMILL,532889,Q2FY26,0.6078249094846532,0.1374904262600795,26.61757797640259,FY26,0.16295681727309078,0.09315473810475809
KPRMILL,532889,Q3FY22,0.6982127411277839,1.9310521177265,26.13536608039377,FY22,0.16295681727309078,0.09315473810475809
KPRMILL,532889,Q3FY23,0.8131648833004513,0.07505732977487875,25.876955223319353,FY23,0.21962991240163057,0.36369105590162654
KPRMILL,532889,Q3FY24,0.5958037752400381,0.5625804618071575,26.351058237862244,FY24,0.1847883200290026,0.2658005658260349
KPRMILL,532889,Q3FY25,0.25597220973341445,0.18492217911868658,26.544136289845664,FY25,0.16295681727309078,0.09315473810475809
KPRMILL,532889,Q3FY26,0.73965354236574,0.09841690596398511,26.49541864262636,FY26,0.16295681727309078,0.09315473810475809
KPRMILL,532889,Q4FY21,0.6796562709049371,0.0653705825344079,24.991363286827816,FY21,0.16295681727309078,0.09315473810475809
KPRMILL,532889,Q4FY22,0.9808893838693991,2.5265759878874943,26.062957645343822,FY22,0.16295681727309078,0.09315473810475809
KPRMILL,532889,Q4FY23,0.5513261662553874,-0.11710464642570835,25.99257158573828,FY23,0.21962991240163057,0.36369105590162654
KPRMILL,532889,Q4FY24,0.47362203366753347,0.34509473079103326,26.36364652198074,FY24,0.1847883200290026,0.2658005658260349
KPRMILL,532889,Q4FY25,0.4464957092423617,0.1326031425293959,26.454496549705514,FY25,0.16295681727309078,0.09315473810475809
KPRMILL,532889,Q4FY26,0.6687819762479887,0.11860523264930378,26.370540132687758,FY26,0.16295681727309078,0.09315473810475809
LALPATHLAB,539524,Q1FY22,0.14021886056995683,0.2067882556190976,26.297373271514136,FY22,,
LALPATHLAB,539524,Q1FY23,0.8992539534364088,-0.23006517282713226,25.88898793221602,FY23,0.14334050692013073,0.25175268769451803
LALPATHLAB,539524,Q1FY24,0.42182149186850615,0.11339328373981845,25.936298001320775,FY24,0.19344524337270175,0.13352742657559713
LALPATHLAB,539524,Q1FY25,0.6689853755842158,0.35652350791599885,26.1560372538728,FY25,0.22420704050001955,0.0724577314558053
LALPATHLAB,539524,Q1FY26,0.38209625742207054,0.06963952038906061,26.169624923788287,FY26,0.22420704050001955,0.0724577314558053
LALPATHLAB,539524,Q2FY22,0.22266812476986894,0.6938524797966952,26.41775524060148,FY22,0.22420704050001955,0.0724577314558053
LALPATHLAB,539524,Q2FY23,0.804358252158433,-0.34480512261557233,26.044961579480113,FY23,0.14334050692013073,0.25175268769451803
LALPATHLAB,539524,Q2FY24,0.4282399724410064,-0.10555260070979672,26.0522794020391,FY24,0.19344524337270175,0.13352742657559713
LALPATHLAB,539524,Q2FY25,0.5721969813639528,0.53785243035521,26.329888685615444,FY25,0.22420704050001955,0.0724577314558053
LALPATHLAB,539524,Q2FY26,0.37825214316058114,-0.014010748921564042,26.280431652987524,FY26,0.22420704050001955,0.0724577314558053
LALPATHLAB,539524,Q3FY22,0.2725663911264291,0.5857802550439617,26.456551789762653,FY22,0.22420704050001955,0.0724577314558053
LALPATHLAB,539524,Q3FY23,0.8434351073671031,-0.3294777681736819,25.93676303361428,FY23,0.14334050692013073,0.25175268769451803
LALPATHLAB,539524,Q3FY24,0.6050280524441033,0.10228773669230413,26.07319315432383,FY24,0.19344524337270175,0.13352742657559713
LALPATHLAB,539524,Q3FY25,0.48094697488159427,0.12543751604842163,26.235848688271194,FY25,0.22420704050001955,0.0724577314558053
LALPATHLAB,539524,Q3FY26,0.4669568825554357,-0.006529738900468025,26.232407059432813,FY26,0.22420704050001955,0.0724577314558053
LALPATHLAB,539524,Q4FY21,0.5423287477472061,-0.04185731153394373,26.10769410741237,FY21,0.22420704050001955,0.0724577314558053
LALPATHLAB,539524,Q4FY22,0.5902193221495302,0.054664435640631,26.07533071513364,FY22,0.22420704050001955,0.0724577314558053
LALPATHLAB,539524,Q4FY23,0.5489502974122524,-0.24926559047585678,25.724476316848122,FY23,0.14334050692013073,0.25175268769451803
LALPATHLAB,539524,Q4FY24,0.8527997164697718,0.24310727258302756,25.947813341574804,FY24,0.19344524337270175,0.13352742657559713
LALPATHLAB,539524,Q4FY25,0.4429509317234809,-0.01729211562755458,26.047000033110006,FY25,0.22420704050001955,0.0724577314558053
LALPATHLAB,539524,Q4FY26,0.36512716282196267,0.09433584456111206,26.11272968694634,FY26,0.22420704050001955,0.0724577314558053
LAURUSLABS,540222,Q1FY22,0.7181757764990789,0.5110207489536731,26.627375422431307,FY22,,
LAURUSLABS,540222,Q1FY23,0.8885085805931214,0.0803058975570667,26.23787728046906,FY23,0.19569142520303254,0.49908979004490367
LAURUSLABS,540222,Q1FY24,0.725348116263677,-0.39893498289082163,26.006167731835983,FY24,0.039054233206436466,0.6269597051776353
LAURUSLABS,540222,Q1FY25,0.9176016703905996,0.4220447612676404,26.154836793841405,FY25,0.08011519129983723,0.617930223406729
LAURUSLABS,540222,Q1FY26,1.2286621524011982,0.39291338038652285,26.691953996673266,FY26,0.08011519129983723,0.617930223406729
LAURUSLABS,540222,Q2FY22,0.6686215029674318,0.8915422232727002,26.51661946375715,FY22,0.08011519129983723,0.617930223406729
LAURUSLABS,540222,Q2FY23,0.9279897246887097,-0.13667813138027643,26.33676108023614,FY23,0.19569142520303254,0.49908979004490367
LAURUSLABS,540222,Q2FY24,0.6236778935884717,-0.3040575610148658,26.081657874769625,FY24,0.039054233206436466,0.6269597051776353
LAURUSLABS,540222,Q2FY25,0.9461523939217527,0.23538300763905612,26.242829096476232,FY25,0.08011519129983723,0.617930223406729
LAURUSLABS,540222,Q2FY26,1.3086645514714468,0.9023924519521253,26.8415317147313,FY26,0.08011519129983723,0.617930223406729
LAURUSLABS,540222,Q3FY22,0.8173344748948926,0.4688611109574045,26.383801342630008,FY22,0.08011519129983723,0.617930223406729
LAURUSLABS,540222,Q3FY23,0.7957208949421639,-0.19690028495278714,26.025754769376476,FY23,0.19569142520303254,0.49908979004490367
LAURUSLABS,540222,Q3FY24,0.7977301616028205,-0.17698505023229844,26.167125322417252,FY24,0.039054233206436466,0.6269597051776353
LAURUSLABS,540222,Q3FY25,1.0257105750183806,0.5436578710582528,26.506044444967635,FY25,0.08011519129983723,0.617930223406729
LAURUSLABS,540222,Q3FY26,1.2680222793671918,0.8886153348619337,27.11712594066596,FY26,0.08011519129983723,0.617930223406729
LAURUSLABS,540222,Q4FY21,0.7647455630100404,-0.008035187839192796,25.98265451705763,FY21,0.08011519129983723,0.617930223406729
LAURUSLABS,540222,Q4FY22,0.8944730298743475,0.5172265774009424,26.47456313442603,FY22,0.08011519129983723,0.617930223406729
LAURUSLABS,540222,Q4FY23,0.7002731031508233,-0.40681287548751727,25.778164337429214,FY23,0.19569142520303254,0.49908979004490367
LAURUSLABS,540222,Q4FY24,0.8759391426355057,0.18690974818742748,26.075029328428318,FY24,0.039054233206436466,0.6269597051776353
LAURUSLABS,540222,Q4FY25,1.1825483455469072,0.37349168337027655,26.523642192430803,FY25,0.08011519129983723,0.617930223406729
LAURUSLABS,540222,Q4FY26,1.0554972859079692,0.9756572353755335,27.007242589251206,FY26,0.08011519129983723,0.617930223406729
LICHSGFIN,500253,Q1FY22,1.4773952475544139,0.2648305793883679,26.186949074388885,FY22,,
LICHSGFIN,500253,Q1FY23,1.3796032454223033,-0.14826645499501442,25.845667425953668,FY23,0.10633824136912458,8.606322975412246
LICHSGFIN,500253,Q1FY24,1.1705411669264127,0.017402506676939,26.046346855319644,FY24,0.15131751589908204,7.726282902950948
LICHSGFIN,500253,Q1FY25,1.7599401803423809,0.8043210961445896,26.775412543485672,FY25,0.14971005562310533,7.22215351096782
LICHSGFIN,500253,Q1FY26,1.3387014868381946,-0.06883042119102714,26.535949220335713,FY26,0.14971005562310533,7.22215351096782
LICHSGFIN,500253,Q2FY22,1.408343435772433,0.0652807419367348,26.11153858586599,FY22,0.14971005562310533,7.22215351096782
LICHSGFIN,500253,Q2FY23,1.3701980892371401,0.10201724227033603,26.10007854505482,FY23,0.10633824136912458,8.606322975412246
LICHSGFIN,500253,Q2FY24,1.283489046845287,0.10936082399688057,26.235447412800575,FY24,0.15131751589908204,7.726282902950948
LICHSGFIN,500253,Q2FY25,1.7006247108873689,0.6517562475822218,26.604031453181484,FY25,0.14971005562310533,7.22215351096782
LICHSGFIN,500253,Q2FY26,1.323833490989737,-0.16193289322780352,26.462369106231947,FY26,0.14971005562310533,7.22215351096782
LICHSGFIN,500253,Q3FY22,1.396208412959821,0.023469143614407967,25.967194087258875,FY22,0.14971005562310533,7.22215351096782
LICHSGFIN,500253,Q3FY23,1.3481940285885903,0.06009274587940082,26.10080311186001,FY23,0.10633824136912458,8.606322975412246
LICHSGFIN,500253,Q3FY24,1.345397787522878,0.31207280334164905,26.379129425075377,FY24,0.15131751589908204,7.726282902950948
LICHSGFIN,500253,Q3FY25,1.6466102351939396,0.39332369542241524,26.501760632600398,FY25,0.14971005562310533,7.22215351096782
LICHSGFIN,500253,Q3FY26,1.3753673802074262,-0.0983956332122117,26.416278811270782,FY26,0.14971005562310533,7.22215351096782
LICHSGFIN,500253,Q4FY21,1.4513980564310922,0.1374470989495144,26.093806731517795,FY21,0.14971005562310533,7.22215351096782
LICHSGFIN,500253,Q4FY22,1.4027188610088959,-0.18223178819945657,25.93782063910184,FY22,0.14971005562310533,7.22215351096782
LICHSGFIN,500253,Q4FY23,1.1782987241232408,-0.01498632119201902,25.869872513393148,FY23,0.10633824136912458,8.606322975412246
LICHSGFIN,500253,Q4FY24,1.3258940468720564,0.8047304224768858,26.509823990814045,FY24,0.15131751589908204,7.726282902950948
LICHSGFIN,500253,Q4FY25,1.744195254771284,-0.1729873947282756,26.442874517510937,FY25,0.14971005562310533,7.22215351096782
LICHSGFIN,500253,Q4FY26,1.2003624009493765,0.04916190417768377,26.330606060664167,FY26,0.14971005562310533,7.22215351096782
LMW,500252,Q1FY22,0.49702120052746707,0.4013674048070133,24.946847869353142,FY22,,
LMW,500252,Q1FY23,0.8687995015252508,0.41649359474499786,25.269385736783352,FY23,0.16421286694746745,
LMW,500252,Q1FY24,0.7341382669542262,0.2877733357747968,25.61747698769184,FY24,0.13820627006554126,
LMW,500252,Q1FY25,0.7708544728690663,0.4115521716039629,25.919925520269917,FY25,0.036944358433366215,
LMW,500252,Q1FY26,0.5565321759650173,0.013219693416806063,25.905929910585847,FY26,0.036944358433366215,
LMW,500252,Q2FY22,0.4457168412585233,0.7028333915877628,25.174869010691836,FY22,0.036944358433366215,
LMW,500252,Q2FY23,0.88634175035565,0.5787178913909773,25.594377148350905,FY23,0.16421286694746745,
LMW,500252,Q2FY24,0.8266291259482976,0.19393559371315494,25.764579126743637,FY24,0.13820627006554126,
LMW,500252,Q2FY25,0.6795179513810907,0.15919856295257068,26.00360984151966,FY25,0.036944358433366215,
LMW,500252,Q2FY26,0.7350175263111286,-0.07120175434479666,25.76171388555784,FY26,0.036944358433366215,
LMW,500252,Q3FY22,0.6624120313671802,0.888360128780983,25.22312996087218,FY22,0.036944358433366215,
LMW,500252,Q3FY23,0.8007967281539179,0.5363385494139217,25.574202950372026,FY23,0.16421286694746745,
LMW,500252,Q3FY24,0.8050083222566606,0.01980882254887806,25.7056392339226,FY24,0.13820627006554126,
LMW,500252,Q3FY25,0.6335584572296603,0.2563650047130532,25.962188224758844,FY25,0.036944358433366215,
LMW,500252,Q3FY26,0.9277686493058528,-0.045859566226003866,25.79883575497117,FY26,0.036944358433366215,
LMW,500252,Q4FY21,0.49470431443425517,0.3738135364213161,24.988505778634234,FY21,0.036944358433366215,
LMW,500252,Q4FY22,0.7726719689972164,0.6519341569809506,25.337831856283998,FY22,0.036944358433366215,
LMW,500252,Q4FY23,0.8077646208276543,0.09499760249220277,25.379124551285297,FY23,0.16421286694746745,
LMW,500252,Q4FY24,0.767453120755467,0.306748005592008,25.806207721211518,FY24,0.13820627006554126,
LMW,500252,Q4FY25,0.6855320293869149,-0.039092482378741036,25.86177166197932,FY25,0.036944358433366215,
LMW,500252,Q4FY26,1.1394573619956816,0.05566882744188593,25.576576148442953,FY26,0.036944358433366215,
LT,500510,Q1FY22,1.0916953332569364,0.1369701171381997,28.303359151595462,FY22,,
LT,500510,Q1FY23,1.097818421098479,0.12395295162737771,28.35234605713792,FY23,0.1172192403215415,1.3506762592505313
LT,500510,Q1FY24,0.9130512474757246,0.4185714268405633,28.82797014642134,FY24,0.15121844518316743,1.3469574303803507
LT,500510,Q1FY25,1.3964394429887736,0.6799914046291488,29.207162251385768,FY25,0.15398103129774432,1.3558763655130888
LT,500510,Q1FY26,1.1933242679882015,0.02153662461827982,29.250071693902715,FY26,0.15398103129774432,1.3558763655130888
LT,500510,Q2FY22,1.1217437669500663,0.3038763564916956,28.44114479173555,FY22,0.15398103129774432,1.3558763655130888
LT,500510,Q2FY23,1.0553691361547286,0.21412944125676558,28.53544904310298,FY23,0.1172192403215415,1.3506762592505313
LT,500510,Q2FY24,0.8223377052128245,0.4470769954505347,29.039252936284754,FY24,0.15121844518316743,1.3469574303803507
LT,500510,Q2FY25,1.412405752098215,0.41326360972880605,29.242354202058475,FY25,0.15398103129774432,1.3558763655130888
LT,500510,Q2FY26,1.1585128966745188,-0.019104998495953332,29.247124401965678,FY26,0.15398103129774432,1.3558763655130888
LT,500510,Q3FY22,1.0631815784956975,0.3951056951451201,28.548476395152147,FY22,0.15398103129774432,1.3558763655130888
LT,500510,Q3FY23,1.0968915777406427,0.19854719800253734,28.656659991223332,FY23,0.1172192403215415,1.3506762592505313
LT,500510,Q3FY24,0.8680436462858365,0.5365243649211651,29.19298536529101,FY24,0.15121844518316743,1.3469574303803507
LT,500510,Q3FY25,1.4108676661763004,0.21538467104953862,29.22370798062656,FY25,0.15398103129774432,1.3558763655130888
LT,500510,Q3FY26,1.137309003637337,0.11035162053852202,29.356888979744802,FY26,0.15398103129774432,1.3558763655130888
LT,500510,Q4FY21,1.137508707221393,0.11218210499641187,28.247409424042544,FY21,0.15398103129774432,1.3558763655130888
LT,500510,Q4FY22,1.0360985575702926,0.265193347163882,28.478433822133077,FY22,0.15398103129774432,1.3558763655130888
LT,500510,Q4FY23,1.0159545396296834,0.173520546125512,28.693558147340475,FY23,0.1172192403215415,1.3506762592505313
LT,500510,Q4FY24,1.0325857686898265,0.6135874042678205,29.25827690320616,FY24,0.15121844518316743,1.3469574303803507
LT,500510,Q4FY25,1.426750883463745,-0.031426781797750235,29.191211995628876,FY25,0.15398103129774432,1.3558763655130888
LT,500510,Q4FY26,1.3378828236301588,0.3473252198389949,29.203868255277452,FY26,0.15398103129774432,1.3558763655130888
LTF,533519,Q1FY22,1.5388899065454327,0.017500721687973824,26.120421367039246,FY22,,
LTF,533519,Q1FY23,1.4786272959818347,-0.14293782477196412,25.80250568839147,FY23,0.07540050640155292,3.8602504509166278
LTF,533519,Q1FY24,1.4617074328046549,0.46238434785064675,26.44600543381293,FY24,0.09898696329619207,3.2682827867383666
LTF,533519,Q1FY25,1.4640680057998101,0.6097672511871445,26.824966135369426,FY25,0.10341315111918842,3.6133712720123485
LTF,533519,Q1FY26,1.4678673704673866,0.11861582009292337,26.969359095606986,FY26,0.10341315111918842,3.6133712720123485
LTF,533519,Q2FY22,1.4623833366839392,-0.07671228994290012,26.099207640125602,FY22,0.10341315111918842,3.6133712720123485
LTF,533519,Q2FY23,1.4911184034787253,-0.01674217420108031,25.909801754546187,FY23,0.07540050640155292,3.8602504509166278
LTF,533519,Q2FY24,1.52733897825764,0.67893665254197,26.502789601165983,FY24,0.09898696329619207,3.2682827867383666
LTF,533519,Q2FY25,1.5269358970304276,0.4546419226004656,26.850308774424377,FY25,0.10341315111918842,3.6133712720123485
LTF,533519,Q2FY26,1.4352383509376996,0.3222544041585094,27.16001116875631,FY26,0.10341315111918842,3.6133712720123485
LTF,533519,Q3FY22,1.486544197711281,-0.1227103953281493,25.94175285371809,FY22,0.10341315111918842,3.6133712720123485
LTF,533519,Q3FY23,1.505687435281951,0.17569264548092173,26.065099204814715,FY23,0.07540050640155292,3.8602504509166278
LTF,533519,Q3FY24,1.68610285551883,0.8197256348708991,26.71793743198822,FY24,0.09898696329619207,3.2682827867383666
LTF,533519,Q3FY25,1.4453754798487348,0.03589600631439668,26.53546090648225,FY25,0.10341315111918842,3.6133712720123485
LTF,533519,Q3FY26,1.3834174987105703,1.2340401203002545,27.397018422826264,FY26,0.10341315111918842,3.6133712720123485
LTF,533519,Q4FY21,1.3138844033329253,0.1626996183587441,26.151682121223512,FY21,0.10341315111918842,3.6133712720123485
LTF,533519,Q4FY22,1.527771271631598,-0.31194574915624657,25.978396385551576,FY22,0.10341315111918842,3.6133712720123485
LTF,533519,Q4FY23,1.4897543897410879,0.26166151374503893,26.003650552411845,FY23,0.07540050640155292,3.8602504509166278
LTF,533519,Q4FY24,1.5033077527338978,0.8380833010978093,26.675864946453856,FY24,0.09898696329619207,3.2682827867383666
LTF,533519,Q4FY25,1.4939820865140379,-0.22412988648989213,26.657405076347057,FY25,0.10341315111918842,3.6133712720123485
LTF,533519,Q4FY26,1.4900042092258565,1.3300052810971181,27.122906307911656,FY26,0.10341315111918842,3.6133712720123485
LTTS,540115,Q1FY22,0.8897123332718926,0.11516927363041154,26.399146442642103,FY22,,
LTTS,540115,Q1FY23,1.3113176419396964,0.29230052460368966,26.451579133459045,FY23,0.2733094320052312,0.10241493607522154
LTTS,540115,Q1FY24,1.3224024891668291,0.17351548789277232,26.722115184078795,FY24,0.2447297779279533,0.12366953877344146
LTTS,540115,Q1FY25,0.7249811413084252,0.22849274601311073,26.961398102012414,FY25,0.2083388157894737,0.095
LTTS,540115,Q1FY26,1.171642473673883,-0.03887425645688758,26.86444601033285,FY26,0.2083388157894737,0.095
LTTS,540115,Q2FY22,0.8950008475745389,0.6348203062094956,26.885383602586963,FY22,0.2083388157894737,0.095
LTTS,540115,Q2FY23,1.3758621484233553,-0.05075428291109616,26.62630393610569,FY23,0.2733094320052312,0.10241493607522154
LTTS,540115,Q2FY24,1.019750390431446,0.20599457642497127,26.880266315593882,FY24,0.2447297779279533,0.12366953877344146
LTTS,540115,Q2FY25,0.7514005232454803,0.35325860182587765,27.04633895419931,FY25,0.2083388157894737,0.095
LTTS,540115,Q2FY26,1.1670550549008218,-0.2172186218763704,26.796735730790672,FY26,0.2083388157894737,0.095
LTTS,540115,Q3FY22,0.9872193410694712,1.3068748903211354,27.063135124199633,FY22,0.2083388157894737,0.095
LTTS,540115,Q3FY23,1.365178228132049,-0.2033266195988765,26.655801804215503,FY23,0.2733094320052312,0.10241493607522154
LTTS,540115,Q3FY24,1.1208730271802805,0.22681519212527743,27.02273787253098,FY24,0.2447297779279533,0.12366953877344146
LTTS,540115,Q3FY25,0.7938442166463122,0.17837814703175853,26.92902842931725,FY25,0.2083388157894737,0.095
LTTS,540115,Q3FY26,1.1617752556749528,-0.17964145464993006,26.88232937376272,FY26,0.2083388157894737,0.095
LTTS,540115,Q4FY21,1.1018785414729126,0.06565684093663021,26.309397437494614,FY21,0.2083388157894737,0.095
LTTS,540115,Q4FY22,0.9837102760064804,0.803474844799219,26.973031603869945,FY22,0.2083388157894737,0.095
LTTS,540115,Q4FY23,1.4369800459495465,-0.16533997148533858,26.569371465312244,FY23,0.2733094320052312,0.10241493607522154
LTTS,540115,Q4FY24,0.9709206395702838,0.5172585883571037,27.06515578639745,FY24,0.2447297779279533,0.12366953877344146
LTTS,540115,Q4FY25,0.8728720746022194,-0.1174786486874116,26.877995146048203,FY25,0.2083388157894737,0.095
LTTS,540115,Q4FY26,0.9400232881358,-0.32664817066634944,26.525065121623104,FY26,0.2083388157894737,0.095
M&M,500520,Q1FY22,1.2837512506657909,0.10082605429579714,27.51522714613606,FY22,,
M&M,500520,Q1FY23,0.976050255287034,0.2782265589633007,27.866897647091495,FY23,0.1824067399747258,1.6365751282825984
M&M,500520,Q1FY24,1.0697156110903734,0.4352607263559852,28.162057554341107,FY24,0.17024545044572073,1.6108873547658993
M&M,500520,Q1FY25,1.0945861384499778,1.0555611535519673,28.851583347481984,FY25,0.1678256921247277,1.6218997788908092
M&M,500520,Q1FY26,1.3747409040165344,0.16235923716960307,28.96362161540166,FY26,0.1678256921247277,1.6218997788908092
M&M,500520,Q2FY22,1.223989490385557,0.09526798504594614,27.55849586249198,FY22,0.1678256921247277,1.6218997788908092
M&M,500520,Q2FY23,1.0093793426763318,0.6962823408782993,28.02561279613539,FY23,0.1824067399747258,1.6365751282825984
M&M,500520,Q2FY24,1.017000901398208,0.2613663801816884,28.239432352637802,FY24,0.17024545044572073,1.6108873547658993
M&M,500520,Q2FY25,1.2260838349109107,0.8200760995856833,28.93549016938781,FY25,0.1678256921247277,1.6218997788908092
M&M,500520,Q2FY26,1.3698777717605897,0.201825374974213,29.045421828021293,FY26,0.1678256921247277,1.6218997788908092
M&M,500520,Q3FY22,1.1532451748250976,0.1729293176339067,27.60008217096581,FY22,0.1678256921247277,1.6218997788908092
M&M,500520,Q3FY23,1.0109187976491545,0.5305236906363158,28.010517612259687,FY23,0.1824067399747258,1.6365751282825984
M&M,500520,Q3FY24,1.1063909934211529,0.33181428700187654,28.346213711903957,FY24,0.17024545044572073,1.6108873547658993
M&M,500520,Q3FY25,1.2694793093097871,0.9248925162188927,28.906710776482065,FY25,0.1678256921247277,1.6218997788908092
M&M,500520,Q3FY26,1.2892434999523563,0.2634532148011458,29.124552791908698,FY26,0.1678256921247277,1.6218997788908092
M&M,500520,Q4FY21,1.2328614958359179,0.1009626672722824,27.537542793683883,FY21,0.1678256921247277,1.6218997788908092
M&M,500520,Q4FY22,1.0541580620468065,-0.044616641454147316,27.562844797015167,FY22,0.1678256921247277,1.6218997788908092
M&M,500520,Q4FY23,0.9977260493629247,0.5083978675922992,27.935312981123875,FY23,0.1824067399747258,1.6365751282825984
M&M,500520,Q4FY24,1.142991441031368,0.4137263309375511,28.451467313760997,FY24,0.17024545044572073,1.6108873547658993
M&M,500520,Q4FY25,1.284725260999524,0.509556572546317,28.78623881456022,FY25,0.1678256921247277,1.6218997788908092
M&M,500520,Q4FY26,1.3596107422517547,0.26139293212829695,28.897133691464873,FY26,0.1678256921247277,1.6218997788908092
M&MFIN,532720,Q1FY22,1.6053355984506656,-0.10464460236010702,26.023904774827397,FY22,,
M&MFIN,532720,Q1FY23,1.3272545845704256,0.17459323287045247,26.138922755376637,FY23,0.11165894130901305,4.119131965416116
M&MFIN,532720,Q1FY24,1.3500742441876172,0.7746796016961253,26.80733640146563,FY24,0.09695809765090992,4.674469542096748
M&MFIN,532720,Q1FY25,1.1205571164872121,-0.040978043033564907,26.71300129064432,FY25,0.10505930014036581,5.026752180500579
M&MFIN,532720,Q1FY26,1.30028532203703,-0.01809004018636785,26.625892173402672,FY26,0.10505930014036581,5.026752180500579
M&MFIN,532720,Q2FY22,1.5609896175937048,-0.09946492401563999,26.19328988973687,FY22,0.10505930014036581,5.026752180500579
M&MFIN,532720,Q2FY23,1.3427206783696342,0.35656658967616633,26.210593148713908,FY23,0.11165894130901305,4.119131965416116
M&MFIN,532720,Q2FY24,1.370785556901546,0.5410911790888709,26.715493169996865,FY24,0.09695809765090992,4.674469542096748
M&MFIN,532720,Q2FY25,1.0928601769235247,0.16647770708250761,26.85173627939949,FY25,0.10505930014036581,5.026752180500579
M&MFIN,532720,Q2FY26,1.2872280004119492,-0.17622324028400482,26.670055560582927,FY26,0.10505930014036581,5.026752180500579
M&MFIN,532720,Q3FY22,1.5701139395096464,-0.08625064480988895,25.975464376338277,FY22,0.10505930014036581,5.026752180500579
M&MFIN,532720,Q3FY23,1.303210860396451,0.41111179024687156,26.446768861266534,FY23,0.11165894130901305,4.119131965416116
M&MFIN,532720,Q3FY24,1.2198386355415984,0.36997783480543833,26.63015485355401,FY24,0.09695809765090992,4.674469542096748
M&MFIN,532720,Q3FY25,1.1419701963362692,0.01304865493291679,26.60719660401033,FY25,0.10505930014036581,5.026752180500579
M&MFIN,532720,Q3FY26,1.2966763055137933,0.3948926299142231,27.051130754721882,FY26,0.10505930014036581,5.026752180500579
M&MFIN,532720,Q4FY21,1.5799464889522947,0.13989919952454158,26.260075802215823,FY21,0.10505930014036581,5.026752180500579
M&MFIN,532720,Q4FY22,1.4424709694724673,-0.2955913641179401,26.041700858754325,FY22,0.10505930014036581,5.026752180500579
M&MFIN,532720,Q4FY23,1.2041899149874524,0.6767642116546281,26.43411448776346,FY23,0.11165894130901305,4.119131965416116
M&MFIN,532720,Q4FY24,1.4359081850817828,0.1263970418875278,26.6377154596076,FY24,0.09695809765090992,4.674469542096748
M&MFIN,532720,Q4FY25,1.191597458410266,-0.04671820882031381,26.67310233982521,FY25,0.10505930014036581,5.026752180500579
M&MFIN,532720,Q4FY26,1.385707257627781,0.4209919833073946,26.708535614164767,FY26,0.10505930014036581,5.026752180500579
MAHSCOOTER,500266,Q1FY22,0.8520941652902716,-0.014726606690036973,24.368350967945158,FY22,,
MAHSCOOTER,500266,Q1FY23,0.7918651358648217,0.03204300902763891,24.39273987124309,FY23,0.010255314210455285,
MAHSCOOTER,500266,Q1FY24,0.7046999796312476,0.4831287581943457,24.816963684930652,FY24,0.007377280670162525,
MAHSCOOTER,500266,Q1FY25,0.519154308032181,0.6268532694790045,25.330434728055994,FY25,0.006945240978963064,
MAHSCOOTER,500266,Q1FY26,1.128564451465234,0.7929925638549804,25.824353112920452,FY26,0.006945240978963064,
MAHSCOOTER,500266,Q2FY22,0.8992722153731516,0.23038207753776133,24.60155238650295,FY22,0.006945240978963064,
MAHSCOOTER,500266,Q2FY23,0.7781800960023979,-0.012071741111694975,24.71384109498862,FY23,0.010255314210455285,
MAHSCOOTER,500266,Q2FY24,0.513605711595779,0.6819856709310789,25.160204012309155,FY24,0.007377280670162525,
MAHSCOOTER,500266,Q2FY25,0.5895869642272684,0.6594495764255282,25.60943569839099,FY25,0.006945240978963064,
MAHSCOOTER,500266,Q2FY26,1.2252147789304675,0.7197904570747021,26.00707821729152,FY26,0.006945240978963064,
MAHSCOOTER,500266,Q3FY22,0.8812058871769077,0.13869799717062056,24.397454464415006,FY22,0.006945240978963064,
MAHSCOOTER,500266,Q3FY23,0.7352883147853646,0.26355089664777465,24.632391828625913,FY23,0.010255314210455285,
MAHSCOOTER,500266,Q3FY24,0.5860418647045795,0.5538599044670923,25.134411762911686,FY24,0.007377280670162525,
MAHSCOOTER,500266,Q3FY25,0.6857334549665813,0.2136330761651615,25.410049037218787,FY25,0.006945240978963064,
MAHSCOOTER,500266,Q3FY26,1.266327695049665,0.5683156591552202,25.814242395153027,FY26,0.006945240978963064,
MAHSCOOTER,500266,Q4FY21,0.6285581351866065,-0.0354829082617233,24.322723243928685,FY21,0.006945240978963064,
MAHSCOOTER,500266,Q4FY22,0.8696768923001704,-0.030388769623095106,24.36636842109939,FY22,0.006945240978963064,
MAHSCOOTER,500266,Q4FY23,0.7443273219229032,0.27018408274258565,24.5477869478453,FY23,0.010255314210455285,
MAHSCOOTER,500266,Q4FY24,0.6201288422447523,0.6671748182479368,25.100281522629622,FY24,0.007377280670162525,
MAHSCOOTER,500266,Q4FY25,0.7486397910226186,0.23798012077149502,25.564204860047724,FY25,0.006945240978963064,
MAHSCOOTER,500266,Q4FY26,1.2825639537185567,0.44869284268009424,25.56713761316452,FY26,0.006945240978963064,
MANYAVAR,543463,Q1FY22,,,,FY22,,
MANYAVAR,543463,Q1FY23,1.039920754149654,0.1392535038426722,26.152499408073858,FY23,0.30653198845615337,0.20957582078463868
MANYAVAR,543463,Q1FY24,0.4721295514571663,0.358620163139926,26.405445386038245,FY24,0.2585536994032012,0.2774358878317976
MANYAVAR,543463,Q1FY25,0.47461673442816854,-0.17426645370428082,26.24867597776008,FY25,0.21747177141705526,0.2703304577592915
MANYAVAR,543463,Q1FY26,0.6238053419116323,-0.2150755297742076,25.996428073162736,FY26,0.21747177141705526,0.2703304577592915
MANYAVAR,543463,Q2FY22,,,,FY22,0.21747177141705526,0.2703304577592915
MANYAVAR,543463,Q2FY23,0.9858163539403515,0.37905925112932454,26.53387907824216,FY23,0.30653198845615337,0.20957582078463868
MANYAVAR,543463,Q2FY24,0.31579024752471757,0.011263449294065172,26.489902579510918,FY24,0.2585536994032012,0.2774358878317976
MANYAVAR,543463,Q2FY25,0.5077306660109699,0.028162544467134742,26.505933940295197,FY25,0.21747177141705526,0.2703304577592915
MANYAVAR,543463,Q2FY26,0.642730603665728,-0.3799569152605637,25.845370308580335,FY26,0.21747177141705526,0.2703304577592915
MANYAVAR,543463,Q3FY22,,,,FY22,0.21747177141705526,0.2703304577592915
MANYAVAR,543463,Q3FY23,0.902490648783019,0.4948815632290147,26.48239156515798,FY23,0.30653198845615337,0.20957582078463868
MANYAVAR,543463,Q3FY24,0.3189162212751337,0.06362431650170068,26.43567758469747,FY24,0.2585536994032012,0.2774358878317976
MANYAVAR,543463,Q3FY25,0.6149729095307614,0.12061400337814007,26.459977958597012,FY25,0.21747177141705526,0.2703304577592915
MANYAVAR,543463,Q3FY26,0.585130999657451,-0.5583065734748842,25.675103520272074,FY26,0.21747177141705526,0.2703304577592915
MANYAVAR,543463,Q4FY21,,,,FY21,0.21747177141705526,0.2703304577592915
MANYAVAR,543463,Q4FY22,,,26.153585815181152,FY22,0.21747177141705526,0.2703304577592915
MANYAVAR,543463,Q4FY23,0.7675652608700236,0.41348587652376534,26.32142325773438,FY23,0.30653198845615337,0.20957582078463868
MANYAVAR,543463,Q4FY24,0.5143965330313319,-0.19579730959702807,26.12197431813885,FY24,0.2585536994032012,0.2774358878317976
MANYAVAR,543463,Q4FY25,0.6987527283775951,-0.16062766106695128,25.95181098252054,FY25,0.21747177141705526,0.2703304577592915
MANYAVAR,543463,Q4FY26,0.8025915123519408,-0.5120523304691919,25.169247531401606,FY26,0.21747177141705526,0.2703304577592915
MARICO,531642,Q1FY22,0.34868741457497593,0.19712243992912484,27.19599212019044,FY22,,
MARICO,531642,Q1FY23,0.6507428790955831,0.11944747876661634,27.10894662401016,FY23,0.3427217688865491,0.16004211634640694
MARICO,531642,Q1FY24,0.40287984190567416,0.05015805134288744,27.223236541713188,FY24,0.38648225469728603,0.13778705636743216
MARICO,531642,Q1FY25,0.14875725587898792,0.15728324027395563,27.385182851478604,FY25,0.409811320754717,0.13937106918238995
MARICO,531642,Q1FY26,0.5304365307643328,0.19248452496244206,27.55463231467643,FY26,0.409811320754717,0.13937106918238995
MARICO,531642,Q2FY22,0.30849887789412744,0.35588395171546733,27.226969348484985,FY22,0.409811320754717,0.13937106918238995
MARICO,531642,Q2FY23,0.6796048063822155,0.0268750731915661,27.227124826801667,FY23,0.3427217688865491,0.16004211634640694
MARICO,531642,Q2FY24,0.31205527169780234,0.10164803795324942,27.2794475756175,FY24,0.38648225469728603,0.13778705636743216
MARICO,531642,Q2FY25,0.20740884260919926,0.19667436580646835,27.5113051829158,FY25,0.409811320754717,0.13937106918238995
MARICO,531642,Q2FY26,0.5924178601530438,0.09886621053192517,27.529392632815767,FY26,0.409811320754717,0.13937106918238995
MARICO,531642,Q3FY22,0.3683067433083609,0.33417041226184274,27.166592527298626,FY22,0.409811320754717,0.13937106918238995
MARICO,531642,Q3FY23,0.6495770804162493,-0.06571361250078049,27.173661701466727,FY23,0.3427217688865491,0.16004211634640694
MARICO,531642,Q3FY24,0.2931379497666345,0.10037316914135695,27.261389678774766,FY24,0.38648225469728603,0.13778705636743216
MARICO,531642,Q3FY25,0.3170086174635698,0.24229754603424097,27.427504461076325,FY25,0.409811320754717,0.13937106918238995
MARICO,531642,Q3FY26,0.5619466552478263,0.16172970275449525,27.602906317741816,FY26,0.409811320754717,0.13937106918238995
MARICO,531642,Q4FY21,0.3742329476519334,-0.021053941172390966,26.940929845514706,FY21,0.409811320754717,0.13937106918238995
MARICO,531642,Q4FY22,0.5325300801692145,0.2591085952298293,27.161526000027877,FY22,0.409811320754717,0.13937106918238995
MARICO,531642,Q4FY23,0.5443354405314723,-0.018163632731630183,27.121937944099326,FY23,0.3427217688865491,0.16004211634640694
MARICO,531642,Q4FY24,0.39255206677863275,0.08120289590353667,27.175810306471075,FY24,0.38648225469728603,0.13778705636743216
MARICO,531642,Q4FY25,0.32698570591013326,0.1806101001711869,27.451630248618134,FY25,0.409811320754717,0.13937106918238995
MARICO,531642,Q4FY26,0.6410675470240316,0.30061697219933337,27.583195661792324,FY26,0.409811320754717,0.13937106918238995
MARUTI,532500,Q1FY22,0.8402157461753395,-0.07802962158295186,28.448510153780628,FY22,,
MARUTI,532500,Q1FY23,0.8902353781323167,0.1465254041269926,28.57446397578633,FY23,0.11077316146605505,0.016723815753845163
MARUTI,532500,Q1FY24,0.7082665531532074,0.21087386855674778,28.72567175344546,FY24,0.1575061889859405,0.0013849315708346958
MARUTI,532500,Q1FY25,0.6805341230474857,0.4258886185301157,28.94149731123527,FY25,0.15066723884792066,0.0009039909642466379
MARUTI,532500,Q1FY26,0.9049265868962781,-0.04346712694188219,28.98087128363805,FY26,0.15066723884792066,0.0009039909642466379
MARUTI,532500,Q2FY22,0.7782812396135195,-0.10421511416099669,28.43091801409932,FY22,0.15066723884792066,0.0009039909642466379
MARUTI,532500,Q2FY23,0.9199356231753002,0.37456013582340897,28.622352866564313,FY23,0.11077316146605505,0.016723815753845163
MARUTI,532500,Q2FY24,0.7385521146996705,0.13609718678706775,28.815627287601508,FY24,0.1575061889859405,0.0013849315708346958
MARUTI,532500,Q2FY25,0.7796227201712863,0.3240360766605329,29.04626631244825,FY25,0.15066723884792066,0.0009039909642466379
MARUTI,532500,Q2FY26,0.8520324042307905,0.20414881620600087,29.248339666134594,FY26,0.15066723884792066,0.0009039909642466379
MARUTI,532500,Q3FY22,0.7969751144899353,-0.04155943856767066,28.44289289850435,FY22,0.15066723884792066,0.0009039909642466379
MARUTI,532500,Q3FY23,0.923774651362512,0.25753158955091693,28.571995995109667,FY23,0.11077316146605505,0.016723815753845163
MARUTI,532500,Q3FY24,0.5531802800343995,0.20569029258623156,28.786145839987334,FY24,0.1575061889859405,0.0013849315708346958
MARUTI,532500,Q3FY25,0.8239430454939636,0.05797226096608545,28.848113830659404,FY25,0.15066723884792066,0.0009039909642466379
MARUTI,532500,Q3FY26,0.7981699360182637,0.48677801419911054,29.28916914705767,FY26,0.15066723884792066,0.0009039909642466379
MARUTI,532500,Q4FY21,0.8163765802090099,-0.10728345178875398,28.357080236932507,FY21,0.15066723884792066,0.0009039909642466379
MARUTI,532500,Q4FY22,0.9415251393880908,0.1807266273247747,28.46088807530544,FY22,0.15066723884792066,0.0009039909642466379
MARUTI,532500,Q4FY23,0.7378908686592278,-0.002036817750435952,28.559716680844808,FY23,0.11077316146605505,0.016723815753845163
MARUTI,532500,Q4FY24,0.7239364102373694,0.3085869507495581,28.987498407464543,FY24,0.1575061889859405,0.0013849315708346958
MARUTI,532500,Q4FY25,0.8180767836238304,0.10027055423006592,28.907446183591304,FY25,0.15066723884792066,0.0009039909642466379
MARUTI,532500,Q4FY26,0.9190203174086253,0.1913710276676024,28.98402703280915,FY26,0.15066723884792066,0.0009039909642466379
MAXHEALTH,543220,Q1FY22,0.2642317159208667,0.6164912200309809,26.230851230336548,FY22,,
MAXHEALTH,543220,Q1FY23,0.6473060224889591,0.5956388340626593,26.596775942677148,FY23,0.14892996778499215,0.1225776325005837
MAXHEALTH,543220,Q1FY24,0.2308021463694706,0.537138285161865,27.08756301151567,FY24,0.12578762960654793,0.1539650862140735
MAXHEALTH,543220,Q1FY25,0.2586735618135178,0.47942846452350424,27.539781441424584,FY25,0.11468872290096761,0.32089667589466647
MAXHEALTH,543220,Q1FY26,1.0270836389946696,0.427852751012576,27.84642467487154,FY26,0.11468872290096761,0.32089667589466647
MAXHEALTH,543220,Q2FY22,0.35743907915746403,1.7052628827504865,26.576403619630376,FY22,0.11468872290096761,0.32089667589466647
MAXHEALTH,543220,Q2FY23,0.5812788364832006,0.14026405250881088,26.702572421725215,FY23,0.14892996778499215,0.1225776325005837
MAXHEALTH,543220,Q2FY24,0.24759564922984795,0.5150755328641367,27.03427484795367,FY24,0.12578762960654793,0.1539650862140735
MAXHEALTH,543220,Q2FY25,0.44130111008190737,0.6223801447924978,27.588341916488897,FY25,0.11468872290096761,0.32089667589466647
MAXHEALTH,543220,Q2FY26,0.9809198123332248,0.3842479334752323,27.712433009955646,FY26,0.11468872290096761,0.32089667589466647
MAXHEALTH,543220,Q3FY22,0.3675580335722218,1.6326314930072499,26.784894415297405,FY22,0.11468872290096761,0.32089667589466647
MAXHEALTH,543220,Q3FY23,0.5767180580447894,0.21667788195904744,26.777301834352354,FY23,0.14892996778499215,0.1225776325005837
MAXHEALTH,543220,Q3FY24,0.46074848038293187,0.3981307730400536,27.224452205255993,FY24,0.12578762960654793,0.1539650862140735
MAXHEALTH,543220,Q3FY25,0.4396035766966024,0.5790289424064973,27.723273634505173,FY25,0.11468872290096761,0.32089667589466647
MAXHEALTH,543220,Q3FY26,1.1018161252614864,0.1429862746585761,27.647960294603852,FY26,0.11468872290096761,0.32089667589466647
MAXHEALTH,543220,Q4FY21,0.5092300032067063,0.2722806363085521,26.018212273933774,FY21,0.11468872290096761,0.32089667589466647
MAXHEALTH,543220,Q4FY22,0.5297953184859718,0.9767688736412046,26.542746515115784,FY22,0.11468872290096761,0.32089667589466647
MAXHEALTH,543220,Q4FY23,0.3562605264706329,0.15678021045335758,26.780822018838723,FY23,0.14892996778499215,0.1225776325005837
MAXHEALTH,543220,Q4FY24,0.18767366597504737,0.9749433808217846,27.402392642010728,FY24,0.12578762960654793,0.1539650862140735
MAXHEALTH,543220,Q4FY25,0.8659205041454812,0.18301679981003788,27.695227980919785,FY25,0.11468872290096761,0.32089667589466647
MAXHEALTH,543220,Q4FY26,0.817641754976829,0.04927340143430382,27.565418704040987,FY26,0.11468872290096761,0.32089667589466647
MAZDOCK,543237,Q1FY22,0.7616402002090241,-0.06152128375103657,24.541528122302644,FY22,,
MAZDOCK,543237,Q1FY23,1.1048665718673232,0.35802990764811377,24.586644007417732,FY23,0.2350824342038923,0.0012688649121037948
MAZDOCK,543237,Q1FY24,1.552302569899997,1.9734983675180788,26.22327928217018,FY24,0.3102393380604055,0.0026507695239986737
MAZDOCK,543237,Q1FY25,1.6611567664621578,3.3408194226629764,27.468258330568684,FY25,0.3039731079059129,0.002560492098117352
MAZDOCK,543237,Q1FY26,1.2615773381768258,1.2112011921684442,27.893840325897298,FY26,0.3039731079059129,0.002560492098117352
MAZDOCK,543237,Q2FY22,0.8105142007317643,0.06797836737140286,24.58166722007539,FY22,0.3039731079059129,0.002560492098117352
MAZDOCK,543237,Q2FY23,1.0608755709562758,0.779138241642812,25.285512124362764,FY23,0.2350824342038923,0.0012688649121037948
MAZDOCK,543237,Q2FY24,1.9692337610614887,5.043951990933495,26.791050265254157,FY24,0.3102393380604055,0.0026507695239986737
MAZDOCK,543237,Q2FY25,1.578137466618763,1.290670096459232,27.459094868072356,FY25,0.3039731079059129,0.002560492098117352
MAZDOCK,543237,Q2FY26,1.3639732471788006,0.24806507544816084,27.73362309402919,FY26,0.3039731079059129,0.002560492098117352
MAZDOCK,543237,Q3FY22,0.8979618916214571,0.21469066806168527,24.686111459747934,FY22,0.3039731079059129,0.002560492098117352
MAZDOCK,543237,Q3FY23,1.2724385004542909,2.499745482686174,25.771277096608667,FY23,0.2350824342038923,0.0012688649121037948
MAZDOCK,543237,Q3FY24,1.6777883061528596,1.3441824972814946,26.8385366065424,FY24,0.3102393380604055,0.0026507695239986737
MAZDOCK,543237,Q3FY25,1.6040031352635655,1.3415548160197497,27.51682738209368,FY25,0.3039731079059129,0.002560492098117352
MAZDOCK,543237,Q3FY26,1.4478918455814158,0.26755296205672086,27.63239732959106,FY26,0.3039731079059129,0.002560492098117352
MAZDOCK,543237,Q4FY21,0.7096521019240905,-0.03967540698065868,24.406466962588723,FY21,0.3039731079059129,0.002560492098117352
MAZDOCK,543237,Q4FY22,0.9742350387488035,0.19356803512191084,24.55968483970438,FY22,0.3039731079059129,0.002560492098117352
MAZDOCK,543237,Q4FY23,1.4704172716337933,2.028825111398643,25.592114915655078,FY23,0.2350824342038923,0.0012688649121037948
MAZDOCK,543237,Q4FY24,0.9780236043494649,1.8969405579763226,26.636744913178337,FY24,0.3102393380604055,0.0026507695239986737
MAZDOCK,543237,Q4FY25,1.7880869671075157,1.0047273051098322,27.688030075026475,FY25,0.3039731079059129,0.002560492098117352
MAZDOCK,543237,Q4FY26,1.4539608032894182,0.14911089612188275,27.448371933035478,FY26,0.3039731079059129,0.002560492098117352
MCX,534091,Q1FY22,0.33834376703083835,-0.11013865123033952,25.02393400184171,FY22,,
MCX,534091,Q1FY23,1.2059944626800476,-0.12163828956804731,24.89166183380541,FY23,0.10070303521936051,0.00104779287500845
MCX,534091,Q1FY24,0.7670395584865458,0.1891276771193811,25.04297300224991,FY24,0.060291482585765374,0.0012042336793691556
MCX,534091,Q1FY25,1.359217748837119,1.7970623862418542,26.015141764651244,FY25,0.2971980471237529,0.0005359796221609001
MCX,534091,Q1FY26,1.5126973945763478,0.7599429334633431,26.840355144318316,FY26,0.2971980471237529,0.0005359796221609001
MCX,534091,Q2FY22,0.3822869262273326,-0.11531323203365543,25.129204939942966,FY22,0.2971980471237529,0.0005359796221609001
MCX,534091,Q2FY23,1.2004776588636772,-0.14106505171898076,24.835066956390055,FY23,0.10070303521936051,0.00104779287500845
MCX,534091,Q2FY24,0.707324875723772,0.2753465855177968,25.3657490954069,FY24,0.060291482585765374,0.0012042336793691556
MCX,534091,Q2FY25,1.367378308668587,2.380317442533946,26.382849129981693,FY25,0.2971980471237529,0.0005359796221609001
MCX,534091,Q2FY26,1.653870338819471,0.6132528546425562,26.706794872757325,FY26,0.2971980471237529,0.0005359796221609001
MCX,534091,Q3FY22,0.6477557528641302,-0.04226706640967189,25.082396294133712,FY22,0.2971980471237529,0.0005359796221609001
MCX,534091,Q3FY23,1.1116095947825508,-0.04149460144430651,25.078202200860172,FY23,0.10070303521936051,0.00104779287500845
MCX,534091,Q3FY24,0.6756277654355662,1.0776223579699242,25.811159610355887,FY24,0.060291482585765374,0.0012042336793691556
MCX,534091,Q3FY25,1.4050151954117585,1.1515288814288427,26.479406346505005,FY25,0.2971980471237529,0.0005359796221609001
MCX,534091,Q3FY26,1.899299166926216,0.6986532781455922,27.063367204096664,FY26,0.2971980471237529,0.0005359796221609001
MCX,534091,Q4FY21,0.04133777873412561,-0.1352209726485,25.018265724087843,FY21,0.2971980471237529,0.0005359796221609001
MCX,534091,Q4FY22,1.1347183949601578,-0.12970724122784305,24.970648372694654,FY22,0.2971980471237529,0.0005359796221609001
MCX,534091,Q4FY23,0.994849165861854,0.09975857503535245,25.053646298892197,FY23,0.10070303521936051,0.00104779287500845
MCX,534091,Q4FY24,0.9576539665151796,1.7462347119873567,25.856896547399337,FY24,0.060291482585765374,0.0012042336793691556
MCX,534091,Q4FY25,1.566285631284532,0.4845519467283649,26.31929354090232,FY25,0.2971980471237529,0.0005359796221609001
MCX,534091,Q4FY26,1.4943910192200547,1.2603650995327602,27.13366428239262,FY26,0.2971980471237529,0.0005359796221609001
MEDANTA,543654,Q1FY22,,,,FY22,,
MEDANTA,543654,Q1FY23,,,,FY23,0.13428791932157377,0.46204937962480974
MEDANTA,543654,Q1FY24,0.6518982931870168,0.43027885039522307,25.899616083429972,FY24,0.16457515021714764,0.27597107268069854
MEDANTA,543654,Q1FY25,0.577742935054758,1.1143164292277103,26.58499715250755,FY25,0.14216736898367296,0.21194480290336964
MEDANTA,543654,Q1FY26,0.6731380431408074,0.0031659288812432747,26.444485914454265,FY26,0.14216736898367296,0.21194480290336964
MEDANTA,543654,Q2FY22,,,,FY22,0.14216736898367296,0.21194480290336964
MEDANTA,543654,Q2FY23,,,,FY23,0.13428791932157377,0.46204937962480974
MEDANTA,543654,Q2FY24,0.6137539602797487,0.6967282284867798,25.982263314651394,FY24,0.16457515021714764,0.27597107268069854
MEDANTA,543654,Q2FY25,0.6059710604569132,0.6606174570480137,26.338568095485275,FY25,0.14216736898367296,0.21194480290336964
MEDANTA,543654,Q2FY26,0.5469023534827635,0.30070553637688613,26.589704391030907,FY26,0.14216736898367296,0.21194480290336964
MEDANTA,543654,Q3FY22,,,,FY22,0.14216736898367296,0.21194480290336964
MEDANTA,543654,Q3FY23,,,25.55868948198812,FY23,0.13428791932157377,0.46204937962480974
MEDANTA,543654,Q3FY24,0.6051455152654126,1.1121698630294472,26.27456077443091,FY24,0.16457515021714764,0.27597107268069854
MEDANTA,543654,Q3FY25,0.7165410121552799,0.19880700154397496,26.391839777096454,FY25,0.14216736898367296,0.21194480290336964
MEDANTA,543654,Q3FY26,0.45061265703103415,0.13078257601701113,26.487552003388345,FY26,0.14216736898367296,0.21194480290336964
MEDANTA,543654,Q4FY21,,,,FY21,0.14216736898367296,0.21194480290336964
MEDANTA,543654,Q4FY22,,,,FY22,0.14216736898367296,0.21194480290336964
MEDANTA,543654,Q4FY23,0.7472106774862116,0.2572739286733637,25.675618942581174,FY23,0.13428791932157377,0.46204937962480974
MEDANTA,543654,Q4FY24,0.36158924369517986,2.121152678873976,26.594771200182638,FY24,0.16457515021714764,0.27597107268069854
MEDANTA,543654,Q4FY25,0.8348836714073458,-0.13459965236523047,26.49717252935137,FY25,0.14216736898367296,0.21194480290336964
MEDANTA,543654,Q4FY26,0.560045038972584,0.030379207025660993,26.27695162841338,FY26,0.14216736898367296,0.21194480290336964
MFSL,500271,Q1FY22,0.854754503524001,0.35530790312286775,26.625789086676917,FY22,,
MFSL,500271,Q1FY23,0.8848927678541824,-0.14425828789619238,26.321689768780605,FY23,0.10757826373685969,0.2361208816252542
MFSL,500271,Q1FY24,0.897982509452357,-0.03271958931433172,26.35747063929476,FY24,0.08797559146053945,0.2182794666746958
MFSL,500271,Q1FY25,0.7380781171162617,0.44347888053982326,26.538434716646545,FY25,0.062039433025717856,0.27341141452946816
MFSL,500271,Q1FY26,0.6733262243424528,0.5593835034514486,27.06615901920478,FY26,0.062039433025717856,0.27341141452946816
MFSL,500271,Q2FY22,0.8489416068281546,0.5748607065485047,26.58134157558562,FY22,0.062039433025717856,0.27341141452946816
MFSL,500271,Q2FY23,0.8489660849816048,-0.19673965187587616,26.296121204647818,FY23,0.10757826373685969,0.2361208816252542
MFSL,500271,Q2FY24,0.9011543460531912,0.16265324397056322,26.47255742573087,FY24,0.08797559146053945,0.2182794666746958
MFSL,500271,Q2FY25,0.7067709317705451,0.23333330531949203,26.7419361585939,FY25,0.062039433025717856,0.27341141452946816
MFSL,500271,Q2FY26,0.6821029116073074,0.5009443313466067,27.021969421358765,FY26,0.062039433025717856,0.27341141452946816
MFSL,500271,Q3FY22,0.8259530263480306,0.3971343201839153,26.547297215096616,FY22,0.062039433025717856,0.27341141452946816
MFSL,500271,Q3FY23,0.8760579647199049,-0.2556522469243685,26.177797141992457,FY23,0.10757826373685969,0.2361208816252542
MFSL,500271,Q3FY24,0.9424139036123422,0.5731234410501017,26.5203656638702,FY24,0.08797559146053945,0.2182794666746958
MFSL,500271,Q3FY25,0.6355656027443619,0.19457461276994947,26.675010261007387,FY25,0.062039433025717856,0.27341141452946816
MFSL,500271,Q3FY26,0.7373123384404033,0.45462262407744064,27.081043787710573,FY26,0.062039433025717856,0.27341141452946816
MFSL,500271,Q4FY21,0.7146201511398593,0.25349151209859966,26.415680253216074,FY21,0.062039433025717856,0.27341141452946816
MFSL,500271,Q4FY22,0.8665028504769239,-0.007534969473660121,26.284647354839944,FY22,0.062039433025717856,0.27341141452946816
MFSL,500271,Q4FY23,0.9215757297458043,-0.16752822509131995,26.11301258813129,FY23,0.10757826373685969,0.2361208816252542
MFSL,500271,Q4FY24,0.9173534934744139,0.24152968802415445,26.56934046394446,FY24,0.08797559146053945,0.2182794666746958
MFSL,500271,Q4FY25,0.7058212084213025,0.05286069718622658,26.704902765380893,FY25,0.062039433025717856,0.27341141452946816
MFSL,500271,Q4FY26,0.7531755624391872,0.7463394999306936,26.96638864375982,FY26,0.062039433025717856,0.27341141452946816
MOTHERSON,517334,Q1FY22,1.0868799666534694,0.4460692703337072,27.233245679916497,FY22,,
MOTHERSON,517334,Q1FY23,1.294650413982031,-0.08391076111570238,27.013681043193326,FY23,0.06661470280382158,0.614315301872926
MOTHERSON,517334,Q1FY24,1.0171098195473571,-0.005835268041559246,27.103303807699383,FY24,0.10385052131722927,0.7616890142956004
MOTHERSON,517334,Q1FY25,0.8754046539222486,0.8907688427986318,27.907913522294002,FY25,0.10903002554450507,0.49373715249008754
MOTHERSON,517334,Q1FY26,1.7370739858116784,0.1015776221539433,27.71215452851867,FY26,0.10903002554450507,0.49373715249008754
MOTHERSON,517334,Q2FY22,1.089672395728816,0.33211441961362864,27.17548021974536,FY22,0.10903002554450507,0.49373715249008754
MOTHERSON,517334,Q2FY23,1.3201042975778405,-0.025770354206094172,26.93833374749475,FY23,0.06661470280382158,0.614315301872926
MOTHERSON,517334,Q2FY24,0.9265925130881177,0.16214685858918643,27.22360739015323,FY24,0.10385052131722927,0.7616890142956004
MOTHERSON,517334,Q2FY25,1.0933076223459781,1.0822544669866876,28.01740091202766,FY25,0.10903002554450507,0.49373715249008754
MOTHERSON,517334,Q2FY26,1.664504283455412,-0.26965969232824366,27.735423671124554,FY26,0.10903002554450507,0.49373715249008754
MOTHERSON,517334,Q3FY22,1.2385411351322588,0.3339642007185976,27.163682491961573,FY22,0.10903002554450507,0.49373715249008754
MOTHERSON,517334,Q3FY23,1.1716816552667795,-0.16158402164390834,26.958541069796365,FY23,0.06661470280382158,0.614315301872926
MOTHERSON,517334,Q3FY24,1.093236497300027,0.3041602513443975,27.2837416439936,FY24,0.10385052131722927,0.7616890142956004
MOTHERSON,517334,Q3FY25,1.1582031946261713,0.8355730833276778,27.714321167814916,FY25,0.10903002554450507,0.49373715249008754
MOTHERSON,517334,Q3FY26,1.690061925800733,0.05760023211512353,27.862283532874805,FY26,0.10903002554450507,0.49373715249008754
MOTHERSON,517334,Q4FY21,0.9404322175332336,0.304082611960493,27.049435922669055,FY21,0.10903002554450507,0.49373715249008754
MOTHERSON,517334,Q4FY22,1.2376992758687275,0.14801809936749688,27.1794319806889,FY22,0.10903002554450507,0.49373715249008754
MOTHERSON,517334,Q4FY23,1.2219854580997302,-0.23009560927186043,26.858634982096063,FY23,0.06661470280382158,0.614315301872926
MOTHERSON,517334,Q4FY24,1.0113034963951608,0.45054082106221716,27.422287464902976,FY24,0.10385052131722927,0.7616890142956004
MOTHERSON,517334,Q4FY25,1.3749241194662818,0.11188292458349836,27.542385665158324,FY25,0.10903002554450507,0.49373715249008754
MOTHERSON,517334,Q4FY26,1.6646594925214249,0.5666020319750497,27.733112476748293,FY26,0.10903002554450507,0.49373715249008754
MPHASIS,526299,Q1FY22,0.4794874516222719,0.274592940424636,26.621463162797745,FY22,,
MPHASIS,526299,Q1FY23,1.201742871114745,0.3133164916813297,26.715642591572063,FY23,0.20642157956828108,0.13267641599281346
MPHASIS,526299,Q1FY24,1.2721289801103,-0.15216403093036196,26.545424414912475,FY24,0.17679257726332068,0.2715967752939304
MPHASIS,526299,Q1FY25,0.7947657352462949,0.30362792884640544,26.831386081887846,FY25,0.17678323575390958,0.19610981933023944
MPHASIS,526299,Q1FY26,1.4914767978956727,0.09332592214829583,26.99970832622753,FY26,0.17678323575390958,0.19610981933023944
MPHASIS,526299,Q2FY22,0.5540186040072212,0.8943067661800687,27.018144270969565,FY22,0.17678323575390958,0.19610981933023944
MPHASIS,526299,Q2FY23,1.1867946786612953,-0.2030575847023865,26.642218135441187,FY23,0.20642157956828108,0.13267641599281346
MPHASIS,526299,Q2FY24,1.173143038824883,0.0940638350812359,26.79829900215828,FY24,0.17679257726332068,0.2715967752939304
MPHASIS,526299,Q2FY25,0.9914195601435966,0.38453442751211747,27.056077624603287,FY25,0.17678323575390958,0.19610981933023944
MPHASIS,526299,Q2FY26,1.3918232522614773,-0.017838919024509056,26.950158761454144,FY26,0.17678323575390958,0.19610981933023944
MPHASIS,526299,Q3FY22,0.8018282770039054,1.0759938991742046,27.10812824412647,FY22,0.17678323575390958,0.19610981933023944
MPHASIS,526299,Q3FY23,1.143235976202943,-0.2873306477375299,26.585633002837596,FY23,0.20642157956828108,0.13267641599281346
MPHASIS,526299,Q3FY24,1.2284338987147014,0.25143393518411367,26.940494740772028,FY24,0.17679257726332068,0.2715967752939304
MPHASIS,526299,Q3FY25,0.9748565588273999,0.29341766502127303,27.00034069432532,FY25,0.17678323575390958,0.19610981933023944
MPHASIS,526299,Q3FY26,1.4383442124201082,-0.03674622166351458,27.00026101416895,FY26,0.17678323575390958,0.19610981933023944
MPHASIS,526299,Q4FY21,0.46232089661059617,0.07647551048794393,26.43801643345976,FY21,0.17678323575390958,0.19610981933023944
MPHASIS,526299,Q4FY22,1.0322367903408942,0.8698394271877882,27.102267260114086,FY22,0.17678323575390958,0.19610981933023944
MPHASIS,526299,Q4FY23,1.2917217563497998,-0.33139399238633516,26.49160195607876,FY23,0.20642157956828108,0.13267641599281346
MPHASIS,526299,Q4FY24,1.2089408407938889,0.2733112305947856,26.803105245162076,FY24,0.17679257726332068,0.2715967752939304
MPHASIS,526299,Q4FY25,1.0343004986899098,-0.0936582179993198,26.870375368219573,FY25,0.17678323575390958,0.19610981933023944
MPHASIS,526299,Q4FY26,1.1762811659494505,-0.10711297580181786,26.693091558808913,FY26,0.17678323575390958,0.19610981933023944
MRF,500290,Q1FY22,0.8867308642347693,0.0929286857313429,26.542667559743784,FY22,,
MRF,500290,Q1FY23,0.6385032156852937,-0.07633777600481592,26.4213818487441,FY23,0.0522816002001678,0.20490071160198156
MRF,500290,Q1FY24,0.7532766588104336,0.30162704497325266,26.781072754471676,FY24,0.12460224187405967,0.16892185171636934
MRF,500290,Q1FY25,0.5663788666357792,0.3225239461587504,27.028435621385245,FY25,0.10110577084300153,0.20397372198657973
MRF,500290,Q1FY26,0.7091207683186493,0.06127346740385192,27.124895632928254,FY26,0.10110577084300153,0.20397372198657973
MRF,500290,Q2FY22,0.8575545757216421,0.05085069689155781,26.53561712589142,FY22,0.10110577084300153,0.20397372198657973
MRF,500290,Q2FY23,0.7118533364937527,0.11413349911161443,26.565805893286463,FY23,0.0522816002001678,0.20490071160198156
MRF,500290,Q2FY24,0.5305908034790772,0.2875464637125948,26.840610475699314,FY24,0.12460224187405967,0.16892185171636934
MRF,500290,Q2FY25,0.5577358692656649,0.2530647305890705,27.09745326961618,FY25,0.10110577084300153,0.20397372198657973
MRF,500290,Q2FY26,0.8435991721914542,0.045066841921722285,27.15043208960031,FY26,0.10110577084300153,0.20397372198657973
MRF,500290,Q3FY22,0.8446629824608264,-0.026348802308322615,26.456543751707645,FY22,0.10110577084300153,0.20397372198657973
MRF,500290,Q3FY23,0.7055858715177534,0.2568473327873489,26.64674568064239,FY23,0.0522816002001678,0.20490071160198156
MRF,500290,Q3FY24,0.37746956749539906,0.26419954519663763,27.029342800413104,FY24,0.12460224187405967,0.16892185171636934
MRF,500290,Q3FY25,0.6455600755738529,0.12607177346230533,27.03891538347245,FY25,0.10110577084300153,0.20397372198657973
MRF,500290,Q3FY26,0.7857240889923732,0.22940705257469315,27.19756857386171,FY26,0.10110577084300153,0.20397372198657973
MRF,500290,Q4FY21,1.0223967545902597,0.11153840573101109,26.56952590402286,FY21,0.10110577084300153,0.20397372198657973
MRF,500290,Q4FY22,0.6313555959125112,-0.24226271806653502,26.33623746793206,FY22,0.10110577084300153,0.20397372198657973
MRF,500290,Q4FY23,0.7547096296849862,0.2980422343508235,26.59475482908258,FY23,0.0522816002001678,0.20490071160198156
MRF,500290,Q4FY24,0.34568974218967147,0.6727317284202481,27.058327583061526,FY24,0.12460224187405967,0.16892185171636934
MRF,500290,Q4FY25,0.7104466205655622,-0.2776272588039631,26.891068602948575,FY25,0.10110577084300153,0.20397372198657973
MRF,500290,Q4FY26,0.7564682811871697,0.38266813386523424,27.02398863840544,FY26,0.10110577084300153,0.20397372198657973
NATCOPHARM,524816,Q1FY22,0.1890841083208618,0.08248264338461465,25.99716315667628,FY22,,
NATCOPHARM,524816,Q1FY23,0.5623510461991128,-0.33499081032775535,25.449695683806095,FY23,0.1467643317329394,0.03613197094669457
NATCOPHARM,524816,Q1FY24,0.36871735861779875,-0.07849402339600209,25.523304763496043,FY24,0.23719054859817873,0.06341938459961388
NATCOPHARM,524816,Q1FY25,0.568451815846677,0.6830146052281302,26.055010103463545,FY25,0.24785066386223215,0.03672932825029578
NATCOPHARM,524816,Q1FY26,0.8400687578970444,-0.12995300594189838,25.829290642322494,FY26,0.24785066386223215,0.03672932825029578
NATCOPHARM,524816,Q2FY22,0.21627366746142712,-0.019369219985993554,25.762946068366883,FY22,0.24785066386223215,0.03672932825029578
NATCOPHARM,524816,Q2FY23,0.5672682158370732,-0.3396324638827243,25.38495372166108,FY23,0.1467643317329394,0.03613197094669457
NATCOPHARM,524816,Q2FY24,0.34819968150433583,0.478711367982116,25.762137561379355,FY24,0.23719054859817873,0.06341938459961388
NATCOPHARM,524816,Q2FY25,0.5647942650895841,0.8006904318659969,26.253294704187216,FY25,0.24785066386223215,0.03672932825029578
NATCOPHARM,524816,Q2FY26,1.0150596165205674,-0.4441484392512695,25.679038136416157,FY26,0.24785066386223215,0.03672932825029578
NATCOPHARM,524816,Q3FY22,0.2800442019877316,-0.1264565332470802,25.778151742173232,FY22,0.24785066386223215,0.03672932825029578
NATCOPHARM,524816,Q3FY23,0.5697314833864507,-0.3012980632942588,25.310589643947296,FY23,0.1467643317329394,0.03613197094669457
NATCOPHARM,524816,Q3FY24,0.4051757353709341,0.39065679572660006,25.690429446711786,FY24,0.23719054859817873,0.06341938459961388
NATCOPHARM,524816,Q3FY25,0.5859435630906569,0.771754823810734,26.231104742634408,FY25,0.24785066386223215,0.03672932825029578
NATCOPHARM,524816,Q3FY26,1.338038140318059,-0.3289198795257886,25.80759093735085,FY26,0.24785066386223215,0.03672932825029578
NATCOPHARM,524816,Q4FY21,0.03227440589477717,-0.16019117402971697,25.683815568960657,FY21,0.24785066386223215,0.03672932825029578
NATCOPHARM,524816,Q4FY22,0.5673417129750302,0.09989952387066252,25.601270751430704,FY22,0.24785066386223215,0.03672932825029578
NATCOPHARM,524816,Q4FY23,0.4455718810050999,-0.3403947876016094,25.31588738467457,FY23,0.1467643317329394,0.03613197094669457
NATCOPHARM,524816,Q4FY24,0.5584329642521737,0.9349048318636153,25.85156442576545,FY24,0.23719054859817873,0.06341938459961388
NATCOPHARM,524816,Q4FY25,0.7440650178641126,-0.20584571566323578,25.68076269009647,FY25,0.24785066386223215,0.03672932825029578
NATCOPHARM,524816,Q4FY26,1.0872245398692661,0.17894123812292637,25.88512660829298,FY26,0.24785066386223215,0.03672932825029578
NATIONALUM,532234,Q1FY22,1.0115885302262742,0.6919864847598706,25.452719769417754,FY22,,
NATIONALUM,532234,Q1FY23,1.4261685123117798,0.3242606171615596,25.379364503153223,FY23,0.109296020148754,0.007969453855102362
NATIONALUM,532234,Q1FY24,1.3136043604973926,-0.0487860391348854,25.617671798823544,FY24,0.13820180440906332,0.0066985958525419284
NATIONALUM,532234,Q1FY25,2.3916592336464646,1.4903560973054073,26.47534442841103,FY25,0.2958612648718594,0.017472188275044032
NATIONALUM,532234,Q1FY26,1.580733403194761,-0.020019910055526453,26.553126744720196,FY26,0.2958612648718594,0.017472188275044032
NATIONALUM,532234,Q2FY22,1.1483324251542242,1.1222910878344388,25.639505561187335,FY22,0.2958612648718594,0.017472188275044032
NATIONALUM,532234,Q2FY23,1.3973890030716376,0.04348828067084215,25.433372754560956,FY23,0.109296020148754,0.007969453855102362
NATIONALUM,532234,Q2FY24,1.3567542019262018,0.25382780460056154,25.797235236812142,FY24,0.13820180440906332,0.0066985958525419284
NATIONALUM,532234,Q2FY25,2.3468854788242863,1.174928879994184,26.603172900715343,FY25,0.2958612648718594,0.017472188275044032
NATIONALUM,532234,Q2FY26,1.5220941077009844,0.08494453228894348,26.669122617103465,FY26,0.2958612648718594,0.017472188275044032
NATIONALUM,532234,Q3FY22,1.4473803540929042,1.2034351329807738,25.738133237294768,FY22,0.2958612648718594,0.017472188275044032
NATIONALUM,532234,Q3FY23,1.2245040816955535,-0.07531336490008278,25.553490541655442,FY23,0.109296020148754,0.007969453855102362
NATIONALUM,532234,Q3FY24,1.5822256048417733,0.32978058316465414,26.11361724221554,FY24,0.13820180440906332,0.0066985958525419284
NATIONALUM,532234,Q3FY25,2.0730932112483393,1.7501107455844649,26.626048856390494,FY25,0.2958612648718594,0.017472188275044032
NATIONALUM,532234,Q3FY26,1.7068614156530102,0.12524330074869044,27.069102241427377,FY26,0.2958612648718594,0.017472188275044032
NATIONALUM,532234,Q4FY21,0.386543478093917,0.35287494752317894,25.08144321339808,FY21,0.2958612648718594,0.017472188275044032
NATIONALUM,532234,Q4FY22,1.5259398390967847,1.5311606026248785,25.950541160393108,FY22,0.2958612648718594,0.017472188275044032
NATIONALUM,532234,Q4FY23,1.4136657151956338,-0.3052833198404665,25.572167012703606,FY23,0.109296020148754,0.007969453855102362
NATIONALUM,532234,Q4FY24,2.222329027464437,1.1171927664690429,26.2711401093238,FY24,0.13820180440906332,0.0066985958525419284
NATIONALUM,532234,Q4FY25,1.86135331105073,0.1988932183076217,26.459802045471676,FY25,0.2958612648718594,0.017472188275044032
NATIONALUM,532234,Q4FY26,1.259432917509379,1.0837937798276898,27.28729559959701,FY26,0.2958612648718594,0.017472188275044032
NAUKRI,532777,Q1FY22,0.8136351946903471,-0.06875316247226701,27.160552049343565,FY22,,
NAUKRI,532777,Q1FY23,1.2476979090339562,-0.08738231055379196,26.893612857288076,FY23,-0.008016853828594425,0.008034692279995917
NAUKRI,532777,Q1FY24,1.6312382131453824,0.21142562513645544,27.07362916607775,FY24,0.01900741751508503,0.00814168365508084
NAUKRI,532777,Q1FY25,1.001233160910737,0.5883339298511591,27.492105271456804,FY25,0.027566062828527766,0.007659671807590978
NAUKRI,532777,Q1FY26,1.5070738634018954,0.13014350176362022,27.587591485785453,FY26,0.027566062828527766,0.007659671807590978
NAUKRI,532777,Q2FY22,0.7708860191360764,0.30234479549105675,27.429299983949054,FY22,0.027566062828527766,0.007659671807590978
NAUKRI,532777,Q2FY23,1.3692024908023128,-0.26363107968896066,26.92145190540747,FY23,-0.008016853828594425,0.008034692279995917
NAUKRI,532777,Q2FY24,1.4471976133111462,-0.007169135999872908,27.00195099180832,FY24,0.01900741751508503,0.00814168365508084
NAUKRI,532777,Q2FY25,1.0192530348284279,0.8397983036003732,27.67088719724829,FY25,0.027566062828527766,0.007659671807590978
NAUKRI,532777,Q2FY26,1.5510209531760895,-0.08107559806852503,27.46192321409124,FY26,0.027566062828527766,0.007659671807590978
NAUKRI,532777,Q3FY22,0.9023324794234936,0.23830596039713306,27.286704795784857,FY22,0.027566062828527766,0.007659671807590978
NAUKRI,532777,Q3FY23,1.4403437780783257,-0.30885757752306864,26.94235257232359,FY23,-0.008016853828594425,0.008034692279995917
NAUKRI,532777,Q3FY24,1.419624689367927,0.18492195242894305,27.214348066724426,FY24,0.01900741751508503,0.00814168365508084
NAUKRI,532777,Q3FY25,1.039580010636819,0.7380046921201138,27.741223730256216,FY25,0.027566062828527766,0.007659671807590978
NAUKRI,532777,Q3FY26,1.5735220699491486,-0.16891047586729782,27.482071830692156,FY26,0.027566062828527766,0.007659671807590978
NAUKRI,532777,Q4FY21,1.0699450116089966,0.032736026228964925,27.020587493389208,FY21,0.027566062828527766,0.007659671807590978
NAUKRI,532777,Q4FY22,0.9354937056225839,-0.10532091699748859,27.075688348689532,FY22,0.027566062828527766,0.007659671807590978
NAUKRI,532777,Q4FY23,1.486929111202763,-0.20563751044223263,26.88786917877405,FY23,-0.008016853828594425,0.008034692279995917
NAUKRI,532777,Q4FY24,1.364312675143832,0.47602447396530906,27.29860282905349,FY24,0.01900741751508503,0.00814168365508084
NAUKRI,532777,Q4FY25,1.2384321391371909,0.38199511266703967,27.552013330297687,FY25,0.027566062828527766,0.007659671807590978
NAUKRI,532777,Q4FY26,1.1423063619429688,-0.3055024860735102,27.163552042023746,FY26,0.027566062828527766,0.007659671807590978
NAVINFLUOR,532504,Q1FY22,0.7454347662476499,0.21317808619342335,25.966004138788737,FY22,,
NAVINFLUOR,532504,Q1FY23,1.0435465843872773,0.2169078292133802,25.942675183736956,FY23,0.17171102313554085,0.39412801208265635
NAVINFLUOR,532504,Q1FY24,0.6235591986227285,0.30446122297512995,26.154721965841514,FY24,0.11352810082806264,0.5744815689961262
NAVINFLUOR,532504,Q1FY25,1.0451946195248556,-0.2799341620504803,25.92769928551181,FY25,0.10988374970965986,0.5584963997821973
NAVINFLUOR,532504,Q1FY26,0.8168019996322313,0.2741524506754225,26.23008485438844,FY26,0.10988374970965986,0.5584963997821973
NAVINFLUOR,532504,Q2FY22,0.8244627972012517,0.5293241220940967,25.950213617756546,FY22,0.10988374970965986,0.5584963997821973
NAVINFLUOR,532504,Q2FY23,0.9729811035002951,0.20484896995671545,26.151142214229054,FY23,0.17171102313554085,0.39412801208265635
NAVINFLUOR,532504,Q2FY24,0.5315803362588738,0.08890852065958166,25.97791687445298,FY24,0.11352810082806264,0.5744815689961262
NAVINFLUOR,532504,Q2FY25,1.120799600968264,-0.24977627899508986,25.89172263627888,FY25,0.10988374970965986,0.5584963997821973
NAVINFLUOR,532504,Q2FY26,0.7823933516848097,0.4246153997424763,26.1894461968475,FY26,0.10988374970965986,0.5584963997821973
NAVINFLUOR,532504,Q3FY22,0.8937099778603314,0.4375367147185766,26.079852327094745,FY22,0.10988374970965986,0.5584963997821973
NAVINFLUOR,532504,Q3FY23,0.8796737246758777,0.2620869649329978,26.053658858217503,FY23,0.17171102313554085,0.39412801208265635
NAVINFLUOR,532504,Q3FY24,0.5688192584551673,-0.1329112461292418,26.002847837936255,FY24,0.11352810082806264,0.5744815689961262
NAVINFLUOR,532504,Q3FY25,1.276779305501981,-0.024160555638582708,25.834651990662607,FY25,0.10988374970965986,0.5584963997821973
NAVINFLUOR,532504,Q3FY26,0.48881129946616364,0.6699293109109609,26.43813279404615,FY26,0.10988374970965986,0.5584963997821973
NAVINFLUOR,532504,Q4FY21,0.7307648189614285,-0.03518221685186073,25.6578656870031,FY21,0.10988374970965986,0.5584963997821973
NAVINFLUOR,532504,Q4FY22,1.1516413432830919,0.5608397060772928,26.054145823016654,FY22,0.10988374970965986,0.5584963997821973
NAVINFLUOR,532504,Q4FY23,0.661141860703258,0.08605327410385667,26.1019543572989,FY23,0.17171102313554085,0.39412801208265635
NAVINFLUOR,532504,Q4FY24,0.7786777500340032,-0.2356810649481832,25.789948305568345,FY24,0.11352810082806264,0.5744815689961262
NAVINFLUOR,532504,Q4FY25,1.2374358841825894,0.1931851275384411,26.09495457494058,FY25,0.10988374970965986,0.5584963997821973
NAVINFLUOR,532504,Q4FY26,0.7410846273139489,0.5461914266331356,26.478278884519046,FY26,0.10988374970965986,0.5584963997821973
NBCC,534309,Q1FY22,1.176515734897376,0.5570249935706902,25.246591235489415,FY22,,
NBCC,534309,Q1FY23,1.354950906841137,-0.30132413823028176,24.61588726639093,FY23,0.13713798303256558,0.00023291317764029382
NBCC,534309,Q1FY24,1.166012440698852,0.3242488082287819,24.962904872336154,FY24,0.1804248460530307,0.00028405564057804467
NBCC,534309,Q1FY25,1.6669749136273246,2.5105942361613143,26.350617827328133,FY25,0.21828058888039237,0.00016240046769398477
NBCC,534309,Q1FY26,1.6598221242172415,0.28225717620780444,26.519940068390376,FY26,0.21828058888039237,0.00016240046769398477
NBCC,534309,Q2FY22,1.1203539423876476,0.4661157395501292,25.155177283712693,FY22,0.21828058888039237,0.00016240046769398477
NBCC,534309,Q2FY23,1.3113404122951118,-0.20442649609980681,24.70996570632855,FY23,0.13713798303256558,0.00023291317764029382
NBCC,534309,Q2FY24,1.4508383990287617,0.5765220247581135,25.363653395549708,FY24,0.1804248460530307,0.00028405564057804467
NBCC,534309,Q2FY25,1.6420891978620733,2.9777572612777496,26.487147146090273,FY25,0.21828058888039237,0.00016240046769398477
NBCC,534309,Q2FY26,1.6805854612914755,-0.14229849551420612,26.386995326547954,FY26,0.21828058888039237,0.00016240046769398477
NBCC,534309,Q3FY22,1.1359037236138425,0.41543522943169,25.098139618161646,FY22,0.21828058888039237,0.00016240046769398477
NBCC,534309,Q3FY23,1.42067095464926,0.021949295238897954,24.942495989992263,FY23,0.13713798303256558,0.00023291317764029382
NBCC,534309,Q3FY24,1.69846212730201,0.8764586734526808,25.695843185826522,FY24,0.1804248460530307,0.00028405564057804467
NBCC,534309,Q3FY25,1.582187680750049,1.2174587043187133,26.235613618362827,FY25,0.21828058888039237,0.00016240046769398477
NBCC,534309,Q3FY26,1.7816626116357377,0.26280583336480545,26.517381485410024,FY26,0.21828058888039237,0.00016240046769398477
NBCC,534309,Q4FY21,0.8575607052341544,0.4165288102884925,25.104416791731836,FY21,0.21828058888039237,0.00016240046769398477
NBCC,534309,Q4FY22,1.49410883311887,0.08204747123755816,24.86131599152082,FY22,0.21828058888039237,0.00016240046769398477
NBCC,534309,Q4FY23,1.254939838606735,-0.1402293651781408,24.852199060235222,FY23,0.13713798303256558,0.00023291317764029382
NBCC,534309,Q4FY24,1.8651458697634493,3.0981654700473764,26.072909570951108,FY24,0.1804248460530307,0.00028405564057804467
NBCC,534309,Q4FY25,1.6488268600052214,-0.1637815666001184,26.1154115904347,FY25,0.21828058888039237,0.00016240046769398477
NBCC,534309,Q4FY26,1.697101601074904,0.2243921026277364,26.067053534235107,FY26,0.21828058888039237,0.00016240046769398477
NESTLEIND,500790,Q1FY22,0.37205569051194026,-0.03228027658851786,28.111045148146,FY22,,
NESTLEIND,500790,Q1FY23,0.4534010424675117,-0.017885786827007377,28.112587722042136,FY23,0.9720840771479808,0.1100045950462961
NESTLEIND,500790,Q1FY24,0.562800969186928,0.2677374237006614,28.393919291777625,FY24,0.9720840771479808,0.1100045950462961
NESTLEIND,500790,Q1FY25,0.3108449519109696,0.1520587812202488,28.51096867923788,FY25,0.7998558678971924,0.29096979958655533
NESTLEIND,500790,Q1FY26,0.6001046841044549,-0.018537355128011284,28.487253339932487,FY26,0.7998558678971924,0.29096979958655533
NESTLEIND,500790,Q2FY22,0.3213880371910282,0.06086254560579736,28.208891212753638,FY22,0.7998558678971924,0.29096979958655533
NESTLEIND,500790,Q2FY23,0.49888921448947493,-0.005230643991662764,28.204133782929,FY23,0.9720840771479808,0.1100045950462961
NESTLEIND,500790,Q2FY24,0.5419137733512901,0.1408862363305502,28.376853056370294,FY24,0.9720840771479808,0.1100045950462961
NESTLEIND,500790,Q2FY25,0.3289398074567005,0.16047656104305114,28.56807895498457,FY25,0.7998558678971924,0.29096979958655533
NESTLEIND,500790,Q2FY26,0.6946260929342298,-0.05856529561909744,28.424563201983677,FY26,0.7998558678971924,0.29096979958655533
NESTLEIND,500790,Q3FY22,0.36436476175630717,0.06908429002467165,28.228081754988192,FY22,0.7998558678971924,0.29096979958655533
NESTLEIND,500790,Q3FY23,0.5320815632827796,0.05442807828280911,28.23387225584781,FY23,0.9720840771479808,0.1100045950462961
NESTLEIND,500790,Q3FY24,0.42268598916348527,0.24039818056421847,28.548995053969747,FY24,0.9720840771479808,0.1100045950462961
NESTLEIND,500790,Q3FY25,0.4135726784614234,-0.07389269876420293,28.353306469913512,FY25,0.7998558678971924,0.29096979958655533
NESTLEIND,500790,Q3FY26,0.7279073379025469,0.12482675392486638,28.53537333849269,FY26,0.7998558678971924,0.29096979958655533
NESTLEIND,500790,Q4FY21,0.4686111740857276,-0.12731758765571108,28.0787316755624,FY21,0.7998558678971924,0.29096979958655533
NESTLEIND,500790,Q4FY22,0.3782795977914252,0.10833357263416614,28.102525611643365,FY22,0.7998558678971924,0.29096979958655533
NESTLEIND,500790,Q4FY23,0.6171499080009444,0.05284110957571086,28.238883538807073,FY23,0.9720840771479808,0.1100045950462961
NESTLEIND,500790,Q4FY24,0.5167850180261586,0.3599012369313823,28.538299408066262,FY24,0.9720840771479808,0.1100045950462961
NESTLEIND,500790,Q4FY25,0.4057853898757131,-0.10426299003566178,28.396203313963536,FY25,0.7998558678971924,0.29096979958655533
NESTLEIND,500790,Q4FY26,0.6860155367302445,0.20242948298260632,28.448765289780006,FY26,0.7998558678971924,0.29096979958655533
NH,539551,Q1FY22,0.7168373893828008,0.09642975596251373,25.318781792775933,FY22,,
NH,539551,Q1FY23,0.41224632431901453,0.49464748475623627,25.56955424945471,FY23,0.28443892272713195,0.4148346002734376
NH,539551,Q1FY24,0.28775025059390114,0.40608881269507985,26.022169108064002,FY24,0.27369948340333067,0.5641033110111694
NH,539551,Q1FY25,0.4683659754613001,0.4989132562544556,26.217685158306917,FY25,0.21789234644705222,0.6696443122639676
NH,539551,Q1FY26,0.5501126127700061,0.39651650387566845,26.809522548410527,FY26,0.21789234644705222,0.6696443122639676
NH,539551,Q2FY22,0.7245003887983104,0.20242461371467288,25.338992501850797,FY22,0.21789234644705222,0.6696443122639676
NH,539551,Q2FY23,0.39667161182202837,0.4500190551915282,25.70036844622828,FY23,0.28443892272713195,0.4148346002734376
NH,539551,Q2FY24,0.17844556532248784,0.4300409138115053,26.113453774599396,FY24,0.27369948340333067,0.5641033110111694
NH,539551,Q2FY25,0.4333077819470731,0.2859382577311761,26.258594377497463,FY25,0.21789234644705222,0.6696443122639676
NH,539551,Q2FY26,0.61601351256712,0.41125794199161547,26.589468329831767,FY26,0.21789234644705222,0.6696443122639676
NH,539551,Q3FY22,0.6245671455198268,0.2896229931939249,25.580481702245148,FY22,0.21789234644705222,0.6696443122639676
NH,539551,Q3FY23,0.35896324187574113,0.3721774715193978,25.75509707781994,FY23,0.28443892272713195,0.4148346002734376
NH,539551,Q3FY24,0.5125238180081231,0.674755470120224,26.215358282867708,FY24,0.27369948340333067,0.5641033110111694
NH,539551,Q3FY25,0.3368405506683289,0.041220358443934506,26.275830341583816,FY25,0.21789234644705222,0.6696443122639676
NH,539551,Q3FY26,0.8038599496877691,0.5149906457890177,26.674597963754426,FY26,0.21789234644705222,0.6696443122639676
NH,539551,Q4FY21,0.6917536766267041,-0.04048492274293371,25.125778722172342,FY21,0.21789234644705222,0.6696443122639676
NH,539551,Q4FY22,0.5463276903176502,0.4870906698307489,25.733648880410502,FY22,0.21789234644705222,0.6696443122639676
NH,539551,Q4FY23,0.28114407701731725,0.1587907769939369,25.7729523288283,FY23,0.28443892272713195,0.4148346002734376
NH,539551,Q4FY24,0.5230197630415423,0.9542494570239994,26.281237489243683,FY24,0.27369948340333067,0.5641033110111694
NH,539551,Q4FY25,0.4677077742705807,0.08185754400993624,26.560551929099066,FY25,0.21789234644705222,0.6696443122639676
NH,539551,Q4FY26,0.7717059464974914,0.36612828818687326,26.510274178544794,FY26,0.21789234644705222,0.6696443122639676
NHPC,533098,Q1FY22,0.36366527337199184,0.17136074135587084,26.117432554905683,FY22,,
NHPC,533098,Q1FY23,0.5524784209514202,0.38338894002734003,26.334737345556473,FY23,0.1056224968062759,0.7993399591776983
NHPC,533098,Q1FY24,0.6349146907706481,0.43066372136101416,26.785534746456126,FY24,0.09299408124268302,0.8942141412448709
NHPC,533098,Q1FY25,1.632552367753091,1.363082175533277,27.59437518559091,FY25,0.07579554988181958,1.0480440736348748
NHPC,533098,Q1FY26,1.1110844550506336,-0.12590289947561006,27.45856628432789,FY26,0.07579554988181958,1.0480440736348748
NHPC,533098,Q2FY22,0.36321824491442933,0.2259482853863238,26.260459445639317,FY22,0.07579554988181958,1.0480440736348748
NHPC,533098,Q2FY23,0.5458264868302558,0.52576893378207,26.498345353837575,FY23,0.1056224968062759,0.7993399591776983
NHPC,533098,Q2FY24,0.800958001650461,0.5656372978102784,26.93351483754693,FY24,0.09299408124268302,0.8942141412448709
NHPC,533098,Q2FY25,1.5670506398227475,0.9856669061987238,27.540707018053023,FY25,0.07579554988181958,1.0480440736348748
NHPC,533098,Q2FY26,1.1206396714110318,-0.15231451616215175,27.470502306421402,FY26,0.07579554988181958,1.0480440736348748
NHPC,533098,Q3FY22,0.5609626036542388,0.4856477449612979,26.29664755045273,FY22,0.07579554988181958,1.0480440736348748
NHPC,533098,Q3FY23,0.5106398831769209,0.45520523456832984,26.605804519168352,FY23,0.1056224968062759,0.7993399591776983
NHPC,533098,Q3FY24,0.7860202845645298,0.36932685903942447,27.135217877703404,FY24,0.09299408124268302,0.8942141412448709
NHPC,533098,Q3FY25,1.4705672217611183,0.5741388662483315,27.37797137536434,FY25,0.07579554988181958,1.0480440736348748
NHPC,533098,Q3FY26,1.1903697669485904,-0.02420848029235889,27.384669820077747,FY26,0.07579554988181958,1.0480440736348748
NHPC,533098,Q4FY21,0.37475128080483566,0.09857707267961882,26.048303342793677,FY21,0.07579554988181958,1.0480440736348748
NHPC,533098,Q4FY22,0.5669890158592581,0.2063294516838187,26.233883312163616,FY22,0.07579554988181958,1.0480440736348748
NHPC,533098,Q4FY23,0.6378701212883452,0.45563245612503606,26.65184795988286,FY23,0.1056224968062759,0.7993399591776983
NHPC,533098,Q4FY24,1.3397199969314844,1.4001685119236378,27.478700222819135,FY24,0.09299408124268302,0.8942141412448709
NHPC,533098,Q4FY25,1.3998948839697105,-0.16596283027029615,27.415586032881983,FY25,0.07579554988181958,1.0480440736348748
NHPC,533098,Q4FY26,0.889602201684137,0.06151685690889606,27.330618449475484,FY26,0.07579554988181958,1.0480440736348748
NIACL,540769,Q1FY22,0.8936109599835216,0.2553193322808134,26.321531001969227,FY22,,
NIACL,540769,Q1FY23,0.7444476072629458,-0.36136776554815436,25.567611656999873,FY23,0.040520460481584995,
NIACL,540769,Q1FY24,1.2173503310630074,0.2331783504462758,25.95327706383945,FY24,0.03945719497964022,
NIACL,540769,Q1FY25,1.7119093089506756,0.9850837332173623,26.673774706613177,FY25,0.035751890577411155,
NIACL,540769,Q1FY26,1.6443490851202855,-0.21354307648106147,26.47378025945691,FY26,0.035751890577411155,
NIACL,540769,Q2FY22,0.7765769210048243,0.2518377397468032,26.28306458415652,FY22,0.035751890577411155,
NIACL,540769,Q2FY23,0.8460588065663561,-0.4304112364453254,25.64413215654545,FY23,0.040520460481584995,
NIACL,540769,Q2FY24,1.2070984544327608,0.49827590653005593,26.1511752340043,FY24,0.03945719497964022,
NIACL,540769,Q2FY25,1.8629167854049264,1.154782921586639,26.653821893330083,FY25,0.035751890577411155,
NIACL,540769,Q2FY26,1.5796522686102075,-0.2848584526400915,26.46510427637476,FY26,0.035751890577411155,
NIACL,540769,Q3FY22,0.7631430681416016,0.12224387929884542,26.131514737070727,FY22,0.035751890577411155,
NIACL,540769,Q3FY23,0.9475973376053025,-0.2780437379945933,26.02582638875491,FY23,0.040520460481584995,
NIACL,540769,Q3FY24,1.3130777658664763,1.463356574337021,26.55474060076502,FY24,0.03945719497964022,
NIACL,540769,Q3FY25,1.883524761314101,0.26410515561042086,26.52462666024139,FY25,0.035751890577411155,
NIACL,540769,Q3FY26,1.584070671166387,-0.09682345560576062,26.27152981034076,FY26,0.035751890577411155,
NIACL,540769,Q4FY21,0.9928249170471026,0.1887813613303051,26.227311048267993,FY21,0.035751890577411155,
NIACL,540769,Q4FY22,0.7476873684438928,-0.21654586480431828,25.903457142932037,FY22,0.035751890577411155,
NIACL,540769,Q4FY23,0.9801261945948765,-0.17437293145184993,25.769329554812852,FY23,0.040520460481584995,
NIACL,540769,Q4FY24,1.5512551503178487,1.5318278342803362,26.631358244144263,FY24,0.03945719497964022,
NIACL,540769,Q4FY25,1.8923514560419683,-0.43660656204418996,26.254111548300468,FY25,0.035751890577411155,
NIACL,540769,Q4FY26,1.3125987082535442,-0.02232966974030162,25.991986301937047,FY26,0.035751890577411155,
NLCINDIA,513683,Q1FY22,0.5233927768735464,0.1013612500615703,25.018482454620827,FY22,,
NLCINDIA,513683,Q1FY23,1.0378813513591518,0.31936150597204044,25.110753383352808,FY23,0.09200967246012219,1.472303749001242
NLCINDIA,513683,Q1FY24,1.1627682471011385,0.3373640754812442,25.682802962144486,FY24,0.11215742496695612,1.3559628698721498
NLCINDIA,513683,Q1FY25,1.8901193754833094,1.6280163663077378,26.49896445134411,FY25,0.14000770176953764,1.1979178517083562
NLCINDIA,513683,Q1FY26,1.236024658385121,0.04995045890679044,26.46938370086114,FY26,0.14000770176953764,1.1979178517083562
NLCINDIA,513683,Q2FY22,0.5060428743177321,-0.035965558541071745,25.05095964598537,FY22,0.14000770176953764,1.1979178517083562
NLCINDIA,513683,Q2FY23,1.0224972591164438,0.603338270703379,25.197840425198628,FY23,0.09200967246012219,1.472303749001242
NLCINDIA,513683,Q2FY24,1.4218632146932224,0.8352240189435637,25.91670294704094,FY24,0.11215742496695612,1.3559628698721498
NLCINDIA,513683,Q2FY25,1.7766562727228448,1.2789191391266117,26.666974194548455,FY25,0.14000770176953764,1.1979178517083562
NLCINDIA,513683,Q2FY26,1.1968625487563924,-0.16337234956805163,26.68961548378734,FY26,0.14000770176953764,1.1979178517083562
NLCINDIA,513683,Q3FY22,0.7089035759289471,0.10768538475856937,25.06230502343828,FY22,0.14000770176953764,1.1979178517083562
NLCINDIA,513683,Q3FY23,1.0388503877875794,0.3889112789745179,25.433106982923785,FY23,0.09200967246012219,1.472303749001242
NLCINDIA,513683,Q3FY24,1.7707487927334529,1.1564812814584844,26.546965158588375,FY24,0.11215742496695612,1.3559628698721498
NLCINDIA,513683,Q3FY25,1.6131563824212605,0.5599829592121561,26.539944973472625,FY25,0.14000770176953764,1.1979178517083562
NLCINDIA,513683,Q3FY26,1.0558214641984525,-0.06209426354288496,26.558344697612807,FY26,0.14000770176953764,1.1979178517083562
NLCINDIA,513683,Q4FY21,0.6099033874366461,-0.03230347914068966,24.826780493101786,FY21,0.14000770176953764,1.1979178517083562
NLCINDIA,513683,Q4FY22,0.7445612529692707,0.2544924182504983,25.093320343728035,FY22,0.14000770176953764,1.1979178517083562
NLCINDIA,513683,Q4FY23,1.3047658369171464,0.3665461997825048,25.342265187844728,FY23,0.09200967246012219,1.472303749001242
NLCINDIA,513683,Q4FY24,1.8759254273923813,2.2557673215325162,26.447484849660587,FY24,0.11215742496695612,1.3559628698721498
NLCINDIA,513683,Q4FY25,1.5311890141904114,-0.16009028729374952,26.530041535807378,FY25,0.14000770176953764,1.1979178517083562
NLCINDIA,513683,Q4FY26,0.8645669312828548,0.18471503747929557,26.643370252927195,FY26,0.14000770176953764,1.1979178517083562
NUVOCO,543334,Q1FY22,,,,FY22,,
NUVOCO,543334,Q1FY23,0.7934673537908368,-0.41461351729514956,25.38691062874992,FY23,0.0017943226545114317,0.5413672829135455
NUVOCO,543334,Q1FY24,0.6684579723741537,0.13985185775624537,25.554612276162636,FY24,0.016404482875309455,0.49020205888115126
NUVOCO,543334,Q1FY25,1.0058562389471186,-0.03340994297773036,25.588224179674995,FY25,0.0024260412871348717,0.45252668201085944
NUVOCO,543334,Q1FY26,0.7373614809128097,0.12073291507778773,25.563545407284693,FY26,0.0024260412871348717,0.45252668201085944
NUVOCO,543334,Q2FY22,,,25.991713354033557,FY22,0.0024260412871348717,0.45252668201085944
NUVOCO,543334,Q2FY23,0.8374552971237728,-0.3069719113560036,25.712520156222915,FY23,0.0017943226545114317,0.5413672829135455
NUVOCO,543334,Q2FY24,0.5956083619064945,-0.011935971189275056,25.61271186850537,FY24,0.016404482875309455,0.49020205888115126
NUVOCO,543334,Q2FY25,0.9301609941480382,0.028761732821967055,25.578258766862476,FY25,0.0024260412871348717,0.45252668201085944
NUVOCO,543334,Q2FY26,0.7342913684255995,0.3403849097281366,25.73298553854047,FY26,0.0024260412871348717,0.45252668201085944
NUVOCO,543334,Q3FY22,0.47789670179807076,-0.012318953625335704,25.90699091238436,FY22,0.0024260412871348717,0.45252668201085944
NUVOCO,543334,Q3FY23,0.8632495244494013,-0.27306872692956835,25.593717944535047,FY23,0.0017943226545114317,0.5413672829135455
NUVOCO,543334,Q3FY24,0.7469152274247155,-0.029291553133515835,25.640412300738884,FY24,0.016404482875309455,0.49020205888115126
NUVOCO,543334,Q3FY25,0.9266724787552596,0.0007132667617703263,25.55233083268941,FY25,0.0024260412871348717,0.45252668201085944
NUVOCO,543334,Q3FY26,0.7239520241737817,0.05097235893240304,25.568473953316406,FY26,0.0024260412871348717,0.45252668201085944
NUVOCO,543334,Q4FY21,,,,FY21,0.0024260412871348717,0.45252668201085944
NUVOCO,543334,Q4FY22,0.8842155297499356,-0.3481286474589024,25.67244285299051,FY22,0.0024260412871348717,0.45252668201085944
NUVOCO,543334,Q4FY23,0.7139734346122844,0.04399045790931278,25.53693814971861,FY23,0.0017943226545114317,0.5413672829135455
NUVOCO,543334,Q4FY24,0.745717490556602,-0.051253293428425564,25.41792217056208,FY24,0.016404482875309455,0.49020205888115126
NUVOCO,543334,Q4FY25,0.9096345402963641,-0.0730435136435675,25.4231338292181,FY25,0.0024260412871348717,0.45252668201085944
NUVOCO,543334,Q4FY26,0.8951595377931745,0.0664099482797083,25.332394147097748,FY26,0.0024260412871348717,0.45252668201085944
NYKAA,543384,Q1FY22,,,,FY22,,
NYKAA,543384,Q1FY23,1.163178622034187,-0.34023935698419316,27.232635331043667,FY23,0.013978127880058925,0.5794537049803703
NYKAA,543384,Q1FY24,0.7441691899794395,-0.4512342159001303,26.77647344507235,FY24,0.025557941104236155,0.7680692108411303
NYKAA,543384,Q1FY25,0.8331048995814274,0.28628230616302236,26.94819616078901,FY25,0.05078076970367638,1.0148392352145579
NYKAA,543384,Q1FY26,0.5749251262620634,0.209161136982165,27.114626592869342,FY26,0.05078076970367638,1.0148392352145579
NYKAA,543384,Q2FY22,,,,FY22,0.05078076970367638,1.0148392352145579
NYKAA,543384,Q2FY23,1.0202320156775793,-0.3802475451805562,27.13188014045741,FY23,0.013978127880058925,0.5794537049803703
NYKAA,543384,Q2FY24,0.9586533465061966,-0.3966975269499047,26.806959509101638,FY24,0.025557941104236155,0.7680692108411303
NYKAA,543384,Q2FY25,0.7880381650142236,0.5734848253654711,27.05133815587375,FY25,0.05078076970367638,1.0148392352145579
NYKAA,543384,Q2FY26,0.6376648107062715,0.03626687016228541,27.223589255482143,FY26,0.05078076970367638,1.0148392352145579
NYKAA,543384,Q3FY22,,,27.633886243369876,FY22,0.05078076970367638,1.0148392352145579
NYKAA,543384,Q3FY23,1.0122483708739982,-0.5780230604257083,26.81767221755011,FY23,0.013978127880058925,0.5794537049803703
NYKAA,543384,Q3FY24,0.9623207456614705,-0.016267071314895333,26.933983155769308,FY24,0.025557941104236155,0.7680692108411303
NYKAA,543384,Q3FY25,0.6241475272041905,-0.002839788377268203,26.873617179524278,FY25,0.05078076970367638,1.0148392352145579
NYKAA,543384,Q3FY26,0.857767542675631,0.5762227641597303,27.35551095227927,FY26,0.05078076970367638,1.0148392352145579
NYKAA,543384,Q4FY21,,,,FY21,0.05078076970367638,1.0148392352145579
NYKAA,543384,Q4FY22,1.2377081994002153,-0.4146114894241192,27.415673331658294,FY22,0.05078076970367638,1.0148392352145579
NYKAA,543384,Q4FY23,0.8474176239497213,-0.387839925481668,26.597510936691975,FY23,0.013978127880058925,0.5794537049803703
NYKAA,543384,Q4FY24,0.9794518532698826,0.06925504978400282,26.86250289848875,FY24,0.025557941104236155,0.7680692108411303
NYKAA,543384,Q4FY25,0.5455240696893484,0.06906941588837777,26.96304791531279,FY25,0.05078076970367638,1.0148392352145579
NYKAA,543384,Q4FY26,1.0271109228034243,0.5601522200422817,27.234800785859395,FY26,0.05078076970367638,1.0148392352145579
OBEROIRLTY,533273,Q1FY22,0.6749169039818916,0.025334845201187207,26.135538902668486,FY22,,
OBEROIRLTY,533273,Q1FY23,1.3998870496697737,0.35142728549512575,26.29376484706081,FY23,0.1559810330444096,0.323017788899991
OBEROIRLTY,533273,Q1FY24,1.2497415217085557,0.2243006489823187,26.59049621020829,FY24,0.13916110702281903,0.1802329560836531
OBEROIRLTY,533273,Q1FY25,1.190867944925899,1.0762596423263286,27.179794036608733,FY25,0.1417085425407827,0.2101512905598648
OBEROIRLTY,533273,Q1FY26,1.3735931207577372,-0.024893031129356927,27.26045005502868,FY26,0.1417085425407827,0.2101512905598648
OBEROIRLTY,533273,Q2FY22,0.768848257904867,0.19234031564960893,26.561593977978482,FY22,0.1417085425407827,0.2101512905598648
OBEROIRLTY,533273,Q2FY23,1.4008640297113568,0.5621169179754354,26.51610878828331,FY23,0.1559810330444096,0.323017788899991
OBEROIRLTY,533273,Q2FY24,1.232657846645889,0.17296727450954863,26.749350349275137,FY24,0.13916110702281903,0.1802329560836531
OBEROIRLTY,533273,Q2FY25,1.237356468215957,0.661502033988271,27.250033133939187,FY25,0.1417085425407827,0.2101512905598648
OBEROIRLTY,533273,Q2FY26,1.3846990265904835,-0.047770128158918235,27.075550480533682,FY26,0.1417085425407827,0.2101512905598648
OBEROIRLTY,533273,Q3FY22,0.9938775522787809,0.4397561796119324,26.449318512585606,FY22,0.1417085425407827,0.2101512905598648
OBEROIRLTY,533273,Q3FY23,1.3295674117352538,0.14922922571924419,26.460263285972307,FY23,0.1559810330444096,0.323017788899991
OBEROIRLTY,533273,Q3FY24,1.2505805231606713,0.5846926122292773,26.97443334330708,FY24,0.13916110702281903,0.1802329560836531
OBEROIRLTY,533273,Q3FY25,1.135677407340725,0.4966888023613669,27.451203607420872,FY25,0.1417085425407827,0.2101512905598648
OBEROIRLTY,533273,Q3FY26,1.5636460379955412,-0.1782374207740023,27.1311570609146,FY26,0.1417085425407827,0.2101512905598648
OBEROIRLTY,533273,Q4FY21,0.5613223743878277,-0.0754107485182788,26.044926368475206,FY21,0.1417085425407827,0.2101512905598648
OBEROIRLTY,533273,Q4FY22,1.4095275042293607,0.6032519278902729,26.53601559400228,FY22,0.1417085425407827,0.2101512905598648
OBEROIRLTY,533273,Q4FY23,1.1198207807571534,-0.07735051152337134,26.43062145185451,FY23,0.1559810330444096,0.323017788899991
OBEROIRLTY,533273,Q4FY24,1.2187501474518154,0.6029697329777854,26.998231310488443,FY24,0.13916110702281903,0.1802329560836531
OBEROIRLTY,533273,Q4FY25,1.271428103288022,0.1849709343915672,27.107514915910343,FY25,0.1417085425407827,0.2101512905598648
OBEROIRLTY,533273,Q4FY26,1.3118356867608671,-0.040841834721945594,26.969278749773952,FY26,0.1417085425407827,0.2101512905598648
OFSS,532466,Q1FY22,0.728622577566497,0.1445914343215884,26.288349808296495,FY22,,
OFSS,532466,Q1FY23,0.9667302786899781,-0.004265758773491022,26.17987852842,FY23,0.2421455315101797,0.009304580416406855
OFSS,532466,Q1FY24,0.7260749643849681,0.2547578682905381,26.461947897486272,FY24,0.28240952817224,0.005471573268183438
OFSS,532466,Q1FY25,0.9491732746031807,1.2206365814194164,27.43337903723182,FY25,0.2845594566153257,0.005452980005739979
OFSS,532466,Q1FY26,1.4150011955191997,0.1579582224278808,27.369860529453106,FY26,0.2845594566153257,0.005452980005739979
OFSS,532466,Q2FY22,0.6777349856759644,0.5321476654323867,26.509645920504607,FY22,0.2845594566153257,0.005452980005739979
OFSS,532466,Q2FY23,0.9823247767494727,-0.3074019085783073,26.14178676850472,FY23,0.2421455315101797,0.009304580416406855
OFSS,532466,Q2FY24,0.7352432224020808,0.32613770210201265,26.525260330905706,FY24,0.28240952817224,0.005471573268183438
OFSS,532466,Q2FY25,1.0449027802286017,1.8357858277611954,27.581388092819346,FY25,0.2845594566153257,0.005452980005739979
OFSS,532466,Q2FY26,1.389746874426507,-0.20145901265774976,27.302781572281884,FY26,0.2845594566153257,0.005452980005739979
OFSS,532466,Q3FY22,0.7375621285273087,0.36486695792560286,26.369758726547985,FY22,0.2845594566153257,0.005452980005739979
OFSS,532466,Q3FY23,0.9624696624090155,-0.21057847317299402,26.155390379747768,FY23,0.2421455315101797,0.009304580416406855
OFSS,532466,Q3FY24,0.8266770168599065,0.3882613986818213,26.54975803947357,FY24,0.28240952817224,0.005471573268183438
OFSS,532466,Q3FY25,1.0922241735665015,1.875999638611313,27.69125936476762,FY25,0.2845594566153257,0.005452980005739979
OFSS,532466,Q3FY26,1.4969395874648184,-0.2726233119286082,27.229108292037782,FY26,0.2845594566153257,0.005452980005739979
OFSS,532466,Q4FY21,0.6795208829290382,-0.06144286213968668,26.10037799802578,FY21,0.2845594566153257,0.005452980005739979
OFSS,532466,Q4FY22,1.0006586549559917,0.20581090256621115,26.270737056404553,FY22,0.2845594566153257,0.005452980005739979
OFSS,532466,Q4FY23,0.7960248155575942,-0.046180386534841175,26.23190171711824,FY23,0.2421455315101797,0.009304580416406855
OFSS,532466,Q4FY24,1.099837522130381,1.6528135980890235,27.283434736513424,FY24,0.28240952817224,0.005471573268183438
OFSS,532466,Q4FY25,1.1068656064718891,0.08609033471032229,27.20326696507445,FY25,0.2845594566153257,0.005452980005739979
OFSS,532466,Q4FY26,1.1653806537313343,-0.20863341137495547,27.096301422699362,FY26,0.2845594566153257,0.005452980005739979
OIL,533106,Q1FY22,0.4914480939101515,0.2883466963179519,25.621507918558375,FY22,,
OIL,533106,Q1FY23,0.3646279757646963,0.9341133185828804,26.14266240551088,FY23,0.22682567644859905,0.4893716433537267
OIL,533106,Q1FY24,0.4957112125828881,0.22847337057131764,26.204845423906484,FY24,0.13105569644711237,0.49733145024337494
OIL,533106,Q1FY25,1.2276359461570598,1.4892722676394576,27.33332045458251,FY25,0.13163010079625911,0.615765399741037
OIL,533106,Q1FY26,1.4247512940325846,-0.005827100505013911,27.25641729600816,FY26,0.13163010079625911,0.615765399741037
OIL,533106,Q2FY22,0.46835163157399373,0.7228446526261142,26.13275318901467,FY22,0.13163010079625911,0.615765399741037
OIL,533106,Q2FY23,0.3730076356797239,0.12756009187083558,25.803119713801866,FY23,0.22682567644859905,0.4893716433537267
OIL,533106,Q2FY24,0.45619075908566153,0.6097011531647711,26.42292076173758,FY24,0.13105569644711237,0.49733145024337494
OIL,533106,Q2FY25,1.3114433979539077,3.050148333808602,27.52286779565127,FY25,0.13163010079625911,0.615765399741037
OIL,533106,Q2FY26,1.3368610954072575,-0.4277366477058427,27.211910963875116,FY26,0.13163010079625911,0.615765399741037
OIL,533106,Q3FY22,0.6760142543585875,1.1239602539976186,25.882174556433252,FY22,0.13163010079625911,0.615765399741037
OIL,533106,Q3FY23,0.26632706832648884,0.12441912504981602,26.002253168901717,FY23,0.22682567644859905,0.4893716433537267
OIL,533106,Q3FY24,0.597403797363181,0.703347471905973,26.653723467041146,FY24,0.13105569644711237,0.49733145024337494
OIL,533106,Q3FY25,1.4133069468503703,1.430835808013425,27.230505818110927,FY25,0.13163010079625911,0.615765399741037
OIL,533106,Q3FY26,1.2622179265283813,-0.15398298404269817,27.24514310303512,FY26,0.13163010079625911,0.615765399741037
OIL,533106,Q4FY21,0.3247402622335209,0.19557828857503165,25.374546121521295,FY21,0.13163010079625911,0.615765399741037
OIL,533106,Q4FY22,0.46006663040267115,0.9426270073012085,26.089169438604454,FY22,0.13163010079625911,0.615765399741037
OIL,533106,Q4FY23,0.4677055092621066,0.22417243173697154,26.23183057571073,FY23,0.22682567644859905,0.4893716433537267
OIL,533106,Q4FY24,1.0447942627123625,1.4676930093391378,27.147188377697514,FY24,0.13105569644711237,0.49733145024337494
OIL,533106,Q4FY25,1.4184196664909243,-0.03573915850874413,27.14057540446813,FY25,0.13163010079625911,0.615765399741037
OIL,533106,Q4FY26,0.642681992200029,0.2121518578685157,27.374024323091103,FY26,0.13163010079625911,0.615765399741037
ONGC,500312,Q1FY22,0.9872734944038035,0.28345128085123006,27.711446056306972,FY22,,
ONGC,500312,Q1FY23,0.5171288017468934,0.4249333608942084,28.02653901818775,FY23,0.12901047368268972,0.6211453450493228
ONGC,500312,Q1FY24,0.6686328457237398,0.12019451640269423,28.18121350446471,FY24,0.14493788571735497,0.5638831533449269
ONGC,500312,Q1FY25,1.7593955227492337,0.7125715655167542,28.764864122197498,FY25,0.10547860701194696,0.5468700258847766
ONGC,500312,Q1FY26,1.2084652239707872,-0.10998321591811155,28.700714105774566,FY26,0.10547860701194696,0.5468700258847766
ONGC,500312,Q2FY22,1.0149383383581436,0.3156467610724623,27.932129865443596,FY22,0.10547860701194696,0.5468700258847766
ONGC,500312,Q2FY23,0.5059410646874017,0.2702461547177279,27.87178202477463,FY23,0.12901047368268972,0.6211453450493228
ONGC,500312,Q2FY24,0.5919839087387931,0.3968504622680023,28.363696972145547,FY24,0.14493788571735497,0.5638831533449269
ONGC,500312,Q2FY25,1.806395546226961,0.9869970625760575,28.854494146828426,FY25,0.10547860701194696,0.5468700258847766
ONGC,500312,Q2FY26,1.0463171938693108,-0.24146672974205652,28.686481238299397,FY26,0.10547860701194696,0.5468700258847766
ONGC,500312,Q3FY22,1.0838621916024493,0.6551903373401025,27.953785952143857,FY22,0.10547860701194696,0.5468700258847766
ONGC,500312,Q3FY23,0.3602231126531238,0.03427644005421008,28.066691511203036,FY23,0.12901047368268972,0.6211453450493228
ONGC,500312,Q3FY24,0.732543351053305,0.5056963108617518,28.459730309152185,FY24,0.14493788571735497,0.5638831533449269
ONGC,500312,Q3FY25,1.7732348909344307,0.39988280467206905,28.66048165142266,FY25,0.10547860701194696,0.5468700258847766
ONGC,500312,Q3FY26,1.0671451549109947,0.011475935854410547,28.71435826443047,FY26,0.10547860701194696,0.5468700258847766
ONGC,500312,Q4FY21,1.0133208856541267,0.2114209116074488,27.569749400714972,FY21,0.10547860701194696,0.5468700258847766
ONGC,500312,Q4FY22,0.5899737454576941,0.6084632949569085,28.104880095889737,FY22,0.10547860701194696,0.5468700258847766
ONGC,500312,Q4FY23,0.5858099913815351,0.04383551377953599,28.121777325118536,FY23,0.12901047368268972,0.6211453450493228
ONGC,500312,Q4FY24,1.212394955517032,0.9681284281121574,28.742179696018333,FY24,0.14493788571735497,0.5638831533449269
ONGC,500312,Q4FY25,1.6575759525479892,-0.11295069622720715,28.709560647486782,FY25,0.10547860701194696,0.5468700258847766
ONGC,500312,Q4FY26,0.6129393977217927,0.2361238483929818,28.906656616362937,FY26,0.10547860701194696,0.5468700258847766
PARADEEP,543530,Q1FY22,,,,FY22,,
PARADEEP,543530,Q1FY23,,,24.42090706214143,FY23,0.08679556035330019,1.326193725498454
PARADEEP,543530,Q1FY24,0.6944575670392673,0.22892922484488576,24.88964568686141,FY24,0.02802973773903777,1.1260540588583194
PARADEEP,543530,Q1FY25,0.8270648770272133,0.32704541806766857,25.175963419152094,FY25,0.1353449137955584,1.0690695901347596
PARADEEP,543530,Q1FY26,0.9864790182138932,1.5295575097750027,25.831204413328066,FY26,0.1353449137955584,1.0690695901347596
PARADEEP,543530,Q2FY22,,,,FY22,0.1353449137955584,1.0690695901347596
PARADEEP,543530,Q2FY23,0.3947710977957521,0.36788134313392973,24.86966897212152,FY23,0.08679556035330019,1.326193725498454
PARADEEP,543530,Q2FY24,0.9322054868182659,0.30093447745798624,25.023586344200773,FY24,0.02802973773903777,1.1260540588583194
PARADEEP,543530,Q2FY25,0.8747206849428875,0.3303706808340453,25.1731872979455,FY25,0.1353449137955584,1.0690695901347596
PARADEEP,543530,Q2FY26,1.0046560763246368,1.6336141418390335,26.038942673571004,FY26,0.1353449137955584,1.0690695901347596
PARADEEP,543530,Q3FY22,,,,FY22,0.1353449137955584,1.0690695901347596
PARADEEP,543530,Q3FY23,0.6403297306598891,0.28587679981269315,24.819182432258064,FY23,0.08679556035330019,1.326193725498454
PARADEEP,543530,Q3FY24,0.976222146335758,0.198994251507147,24.967697849002498,FY24,0.02802973773903777,1.1260540588583194
PARADEEP,543530,Q3FY25,0.8764677607581338,0.7846860142137395,25.458724733278046,FY25,0.1353449137955584,1.0690695901347596
PARADEEP,543530,Q3FY26,0.894931123256345,0.5373610173816685,25.864912349490254,FY26,0.1353449137955584,1.0690695901347596
PARADEEP,543530,Q4FY21,,,,FY21,0.1353449137955584,1.0690695901347596
PARADEEP,543530,Q4FY22,,,,FY22,0.1353449137955584,1.0690695901347596
PARADEEP,543530,Q4FY23,0.655327886182578,0.24601345312573425,24.66333259003241,FY23,0.08679556035330019,1.326193725498454
PARADEEP,543530,Q4FY24,0.6996039311704796,0.3982335404380932,24.9460956021889,FY24,0.02802973773903777,1.1260540588583194
PARADEEP,543530,Q4FY25,0.9753562253997894,0.2595743912041722,25.394953946229982,FY25,0.1353449137955584,1.0690695901347596
PARADEEP,543530,Q4FY26,1.1023185830517068,0.233169304252347,25.43579525038159,FY26,0.1353449137955584,1.0690695901347596
PATANJALI,500368,Q1FY22,0.5781164402394042,0.5637215409733549,26.744637721776037,FY22,,
PATANJALI,500368,Q1FY23,0.9741436623383066,0.04508475039097598,26.655528946697125,FY23,0.09002539941155327,0.1477058089699428
PATANJALI,500368,Q1FY24,0.9806118440214044,0.006419621918296224,26.77190521863366,FY24,0.07497573910813438,0.10276321553756919
PATANJALI,500368,Q1FY25,1.5143250184126584,0.525555887677211,27.07273462750203,FY25,0.11438915738592785,0.06927129505240351
PATANJALI,500368,Q1FY26,0.8024394066683702,0.17335237829584083,27.11368622930155,FY26,0.11438915738592785,0.06927129505240351
PATANJALI,500368,Q2FY22,0.5147751987573332,0.5710781950185834,26.65161246772455,FY22,0.11438915738592785,0.06927129505240351
PATANJALI,500368,Q2FY23,1.0587537194844705,0.10447004235344798,26.918189361436106,FY23,0.09002539941155327,0.1477058089699428
PATANJALI,500368,Q2FY24,1.0122288059187192,0.07086852842310302,26.81809930207428,FY24,0.07497573910813438,0.10276321553756919
PATANJALI,500368,Q2FY25,1.3857326494239448,0.5158019676114831,27.128965825674946,FY25,0.11438915738592785,0.06927129505240351
PATANJALI,500368,Q2FY26,0.8038101312527517,-0.057682084768072434,27.160273591354397,FY26,0.11438915738592785,0.06927129505240351
PATANJALI,500368,Q3FY22,0.5692608462215115,0.3753435925938775,26.43619297458513,FY22,0.11438915738592785,0.06927129505240351
PATANJALI,500368,Q3FY23,1.1407717536964772,0.349353643905477,26.775851212524067,FY23,0.09002539941155327,0.1477058089699428
PATANJALI,500368,Q3FY24,1.1587361054928598,0.1384106111103462,27.057928915197106,FY24,0.07497573910813438,0.10276321553756919
PATANJALI,500368,Q3FY25,1.2574397351654065,0.314644560453831,27.19025568052715,FY25,0.11438915738592785,0.06927129505240351
PATANJALI,500368,Q3FY26,0.7657222983766299,-0.022881415862449905,27.10919516827557,FY26,0.11438915738592785,0.06927129505240351
PATANJALI,500368,Q4FY21,0.3656306724781091,0.09155076944454034,26.15249050441313,FY21,0.11438915738592785,0.06927129505240351
PATANJALI,500368,Q4FY22,0.7837561069855257,0.14881729406537642,26.55259338856187,FY22,0.11438915738592785,0.06927129505240351
PATANJALI,500368,Q4FY23,1.2999760637290767,0.12519368597070568,26.567760717500796,FY23,0.09002539941155327,0.1477058089699428
PATANJALI,500368,Q4FY24,1.1376941248417702,0.7956169628806019,26.89959531850122,FY24,0.07497573910813438,0.10276321553756919
PATANJALI,500368,Q4FY25,1.191011775994936,0.1178881103071073,27.204989890802597,FY25,0.11438915738592785,0.06927129505240351
PATANJALI,500368,Q4FY26,0.8555470380965435,-0.13928674181366948,26.938175226486877,FY26,0.11438915738592785,0.06927129505240351
PERSISTENT,533179,Q1FY22,0.699054596696844,0.6786960396779538,26.12384970785199,FY22,,
PERSISTENT,533179,Q1FY23,1.1944383219370247,0.4894591207517073,26.277139150106752,FY23,0.23230135699726462,0.16583633411499094
PERSISTENT,533179,Q1FY24,1.280671013532829,0.5196346394165292,26.673843644538696,FY24,0.22056386147870377,0.09099549448969049
PERSISTENT,533179,Q1FY25,0.7504846153892784,0.550244451523305,27.208606207645698,FY25,0.22157724283576763,0.04919984206524225
PERSISTENT,533179,Q1FY26,1.3043983568184658,0.594577022650193,27.56784378821748,FY26,0.22157724283576763,0.04919984206524225
PERSISTENT,533179,Q2FY22,0.6579398743133795,1.2408078819396313,26.36072513821664,FY22,0.22157724283576763,0.04919984206524225
PERSISTENT,533179,Q2FY23,1.2718657625015048,0.06632257948890108,26.23202063549072,FY23,0.23230135699726462,0.16583633411499094
PERSISTENT,533179,Q2FY24,1.1408497058106861,0.45264909452095187,26.82413114695567,FY24,0.22056386147870377,0.09099549448969049
PERSISTENT,533179,Q2FY25,0.820425799880193,1.1441634702784729,27.46157283198329,FY25,0.22157724283576763,0.04919984206524225
PERSISTENT,533179,Q2FY26,1.3258055653746474,0.11061479272026953,27.345176431483022,FY26,0.22157724283576763,0.04919984206524225
PERSISTENT,533179,Q3FY22,0.7944433044479392,1.9629218579743941,26.63811915919023,FY22,0.22157724283576763,0.04919984206524225
PERSISTENT,533179,Q3FY23,1.3160256030484931,0.11508551131661054,26.409564071527292,FY23,0.23230135699726462,0.16583633411499094
PERSISTENT,533179,Q3FY24,1.073805962312316,0.7543793718858807,27.06688880019774,FY24,0.22056386147870377,0.09099549448969049
PERSISTENT,533179,Q3FY25,0.8371861799299033,0.8333656890892193,27.631157210240012,FY25,0.22157724283576763,0.04919984206524225
PERSISTENT,533179,Q3FY26,1.5321992970301763,0.07967929896719908,27.607979305826365,FY26,0.22157724283576763,0.04919984206524225
PERSISTENT,533179,Q4FY21,0.814041556947258,0.11496869940650553,25.699223680144993,FY21,0.22157724283576763,0.04919984206524225
PERSISTENT,533179,Q4FY22,0.9762325112278111,1.3987376346871088,26.614194906167018,FY22,0.22157724283576763,0.04919984206524225
PERSISTENT,533179,Q4FY23,1.3953757632549375,0.22187380774938015,26.590317462388185,FY23,0.23230135699726462,0.16583633411499094
PERSISTENT,533179,Q4FY24,0.9243109275398139,0.7586798173691531,27.14612548622578,FY24,0.22056386147870377,0.09099549448969049
PERSISTENT,533179,Q4FY25,0.9812885568875712,0.2730693203336195,27.476436514172196,FY25,0.22157724283576763,0.04919984206524225
PERSISTENT,533179,Q4FY26,1.1924395205750813,-0.1787878479673719,27.36003604406429,FY26,0.22157724283576763,0.04919984206524225
PETRONET,532522,Q1FY22,0.6047212365142217,-0.03502103114133071,26.3349396566733,FY22,,
PETRONET,532522,Q1FY23,0.5761233105603387,-0.023920029800169423,26.34217152661865,FY23,0.21787853695095044,0.21913569732766616
PETRONET,532522,Q1FY24,0.37552016428749546,0.0875772257371757,26.42078413140594,FY24,0.20978845050375902,0.17277891983450994
PETRONET,532522,Q1FY25,1.2111015409754182,0.3758403723463465,26.863925221761157,FY25,0.19985782941844385,0.13364738979138757
PETRONET,532522,Q1FY26,0.6952020625520172,0.03605336395477864,26.803387765119272,FY26,0.19985782941844385,0.13364738979138757
PETRONET,532522,Q2FY22,0.569903237040808,-0.07471105428480973,26.4054907615108,FY22,0.19985782941844385,0.13364738979138757
PETRONET,532522,Q2FY23,0.5646631990368475,0.01483767463351235,26.279239777931554,FY23,0.21787853695095044,0.21913569732766616
PETRONET,532522,Q2FY24,0.48116245949217923,0.06078955718608844,26.508887652738785,FY24,0.20978845050375902,0.17277891983450994
PETRONET,532522,Q2FY25,1.1396533801456936,0.7513799215869716,26.90638899582779,FY25,0.19985782941844385,0.13364738979138757
PETRONET,532522,Q2FY26,0.693190396437453,-0.22603427254391625,26.733806667406522,FY26,0.19985782941844385,0.13364738979138757
PETRONET,532522,Q3FY22,0.5697821892389813,-0.06037437518201402,26.338021274562053,FY22,0.19985782941844385,0.13364738979138757
PETRONET,532522,Q3FY23,0.5720301638123984,0.007542032890536153,26.387687528890293,FY23,0.21787853695095044,0.21913569732766616
PETRONET,532522,Q3FY24,0.6105994177510037,0.014194346461362447,26.46967632583319,FY24,0.20978845050375902,0.17277891983450994
PETRONET,532522,Q3FY25,0.9819380812350134,0.7574976581939008,26.9403085585941,FY25,0.19985782941844385,0.13364738979138757
PETRONET,532522,Q3FY26,0.8448701214118057,-0.14348235743346377,26.77805731406507,FY26,0.19985782941844385,0.13364738979138757
PETRONET,532522,Q4FY21,0.6012991072741511,0.021212663260112643,26.329833721559574,FY21,0.19985782941844385,0.13364738979138757
PETRONET,532522,Q4FY22,0.6163690985540922,-0.10541658602398739,26.227461309197185,FY22,0.19985782941844385,0.13364738979138757
PETRONET,532522,Q4FY23,0.47963558533631445,0.14452413571645628,26.44802545876759,FY23,0.21787853695095044,0.21913569732766616
PETRONET,532522,Q4FY24,0.7774380320362155,0.35602208697765036,26.63698949014169,FY24,0.20978845050375902,0.17277891983450994
PETRONET,532522,Q4FY25,0.9874749675405784,0.06717257474747808,26.775510297203354,FY25,0.19985782941844385,0.13364738979138757
PETRONET,532522,Q4FY26,1.1397056568321815,0.12846562246672133,26.643972609486383,FY26,0.19985782941844385,0.13364738979138757
PFC,532810,Q1FY22,1.1597913050357296,0.10245199877682658,26.234539495818176,FY22,,
PFC,532810,Q1FY23,0.9536826273962591,0.056421498849588206,26.144722712374314,FY23,0.18880246069053758,9.275838480467034
PFC,532810,Q1FY24,1.2083011774330474,0.8441257625210284,26.960765238338606,FY24,0.195371142350863,8.813950658038808
PFC,532810,Q1FY25,2.3381864143270445,3.077301029648304,28.023515528413697,FY25,0.19527036008233511,8.500292555484258
PFC,532810,Q1FY26,1.7909899206767539,-0.14376766826218826,27.93814722979545,FY26,0.19527036008233511,8.500292555484258
PFC,532810,Q2FY22,1.0917750845647365,0.234282247216516,26.365945816572857,FY22,0.19527036008233511,8.500292555484258
PFC,532810,Q2FY23,0.9037772114083138,0.06564579776479304,26.165149866834327,FY23,0.18880246069053758,9.275838480467034
PFC,532810,Q2FY24,1.4704108058209675,1.5256020376940334,27.338125481352282,FY24,0.195371142350863,8.813950658038808
PFC,532810,Q2FY25,2.3036451680188743,1.6647522160470334,28.040229946221643,FY25,0.19527036008233511,8.500292555484258
PFC,532810,Q2FY26,1.7763090545477147,-0.2400968669678093,27.90611692052045,FY26,0.19527036008233511,8.500292555484258
PFC,532810,Q3FY22,1.13924528360796,0.1859883255244035,26.214781762333544,FY22,0.19527036008233511,8.500292555484258
PFC,532810,Q3FY23,0.8990462334186575,0.2985402185961317,26.48911232272839,FY23,0.18880246069053758,9.275838480467034
PFC,532810,Q3FY24,1.5967672085574383,2.55810691103738,27.770212397623443,FY24,0.195371142350863,8.813950658038808
PFC,532810,Q3FY25,2.3570569591562807,0.6027445138822262,27.963070706856318,FY25,0.19527036008233511,8.500292555484258
PFC,532810,Q3FY26,1.6431185159180162,-0.22262504412078304,27.772744964107446,FY26,0.19527036008233511,8.500292555484258
PFC,532810,Q4FY21,1.1629390834256783,0.07779245177325107,26.110281646376038,FY21,0.19527036008233511,8.500292555484258
PFC,532810,Q4FY22,0.9923969489135999,0.07130035165342435,26.208505141713683,FY22,0.19527036008233511,8.500292555484258
PFC,532810,Q4FY23,1.0004248557561808,0.40342814842573793,26.58553045491522,FY23,0.18880246069053758,9.275838480467034
PFC,532810,Q4FY24,1.66363883565337,2.7143248032277514,27.805947882066018,FY24,0.195371142350863,8.813950658038808
PFC,532810,Q4FY25,2.4178584466542534,-0.08019669056089576,27.901953557011787,FY25,0.19527036008233511,8.500292555484258
PFC,532810,Q4FY26,1.4146712026838317,0.1884916516723543,27.856073738142737,FY26,0.19527036008233511,8.500292555484258
PGEL,533581,Q1FY22,0.7744324154305933,1.9851231131525664,23.208392424554702,FY22,,
PGEL,533581,Q1FY23,1.2362549121796,1.0897333306880248,23.938002449531385,FY23,0.19566345177075214,1.4573088830842391
PGEL,533581,Q1FY24,0.6549404365910374,1.3727395138436649,24.527538797704242,FY24,0.1299514537153393,0.41881152876725
PGEL,533581,Q1FY25,1.2485506175835541,0.7844112877978195,25.339176126088827,FY25,0.10175927716747749,0.1358320306823369
PGEL,533581,Q1FY26,1.679335684696217,1.9663718069170906,26.09231532733775,FY26,0.10175927716747749,0.1358320306823369
PGEL,533581,Q2FY22,0.8211939147089696,1.523222015772908,23.17171748631851,FY22,0.10175927716747749,0.1358320306823369
PGEL,533581,Q2FY23,1.1372375547187605,1.452738806099093,24.09574438341129,FY23,0.19566345177075214,1.4573088830842391
PGEL,533581,Q2FY24,0.7454839923336741,1.1258888153931266,24.645325379945486,FY24,0.1299514537153393,0.41881152876725
PGEL,533581,Q2FY25,1.2320851929043601,2.224549208195923,25.932361490393962,FY25,0.10175927716747749,0.1358320306823369
PGEL,533581,Q2FY26,1.8921209660377736,0.09883406221824927,25.68569948040969,FY26,0.10175927716747749,0.1358320306823369
PGEL,533581,Q3FY22,1.2158769730284158,3.685050867820135,23.851255713048403,FY22,0.10175927716747749,0.1358320306823369
PGEL,533581,Q3FY23,0.7821587837775781,0.7242958182171475,24.189488134041675,FY23,0.19566345177075214,1.4573088830842391
PGEL,533581,Q3FY24,0.898783405932659,1.298729625376576,24.93531316346802,FY24,0.1299514537153393,0.41881152876725
PGEL,533581,Q3FY25,1.3875504280197972,2.0953810760910403,26.35422584534742,FY25,0.10175927716747749,0.1358320306823369
PGEL,533581,Q3FY26,1.9412860551984024,-0.12358812888911194,25.82139357660666,FY26,0.10175927716747749,0.1358320306823369
PGEL,533581,Q4FY21,0.6097291620834269,1.1923075031740236,23.17184047960371,FY21,0.10175927716747749,0.1358320306823369
PGEL,533581,Q4FY22,1.3281139292468707,1.3965146377485147,23.757700441625936,FY22,0.10175927716747749,0.1358320306823369
PGEL,533581,Q4FY23,0.7933220198132377,1.276760906040112,24.35784974721,FY23,0.19566345177075214,1.4573088830842391
PGEL,533581,Q4FY24,0.6809458706138005,0.4913496524027895,24.5789270959194,FY24,0.1299514537153393,0.41881152876725
PGEL,533581,Q4FY25,1.7029356118921515,3.2666550932059226,26.28673238518895,FY25,0.10175927716747749,0.1358320306823369
PGEL,533581,Q4FY26,1.8874088959705841,-0.16232450311519245,25.619021847075764,FY26,0.10175927716747749,0.1358320306823369
PGHH,500459,Q1FY22,0.11354154566042479,0.20080636013081082,26.718285196830045,FY22,,
PGHH,500459,Q1FY23,0.4568854721578862,0.07322732575349322,26.73491808860123,FY23,0.7168271619293257,0.004259907191103876
PGHH,500459,Q1FY24,0.21375673050875255,0.03328466983756299,26.8144724266697,FY24,0.8711509175851121,0.00397491159693364
PGHH,500459,Q1FY25,0.29339441728456056,0.16787816596611993,26.97818576043143,FY25,0.8711509175851121,0.00397491159693364
PGHH,500459,Q1FY26,0.2761950636648436,-0.12930900805554396,26.774672777290675,FY26,0.8711509175851121,0.00397491159693364
PGHH,500459,Q2FY22,0.14078114742090364,0.2822304162467783,26.774302275347388,FY22,0.8711509175851121,0.00397491159693364
PGHH,500459,Q2FY23,0.44804911168020156,0.04241101046826514,26.77278830886768,FY23,0.7168271619293257,0.004259907191103876
PGHH,500459,Q2FY24,0.29905033370236767,0.12427668659065855,27.040231083128724,FY24,0.8711509175851121,0.00397491159693364
PGHH,500459,Q2FY25,0.25924668896779945,0.09290445555265127,26.981892802276835,FY25,0.8711509175851121,0.00397491159693364
PGHH,500459,Q2FY26,0.24084002752287825,-0.20386562542348555,26.83628720605714,FY26,0.8711509175851121,0.00397491159693364
PGHH,500459,Q3FY22,0.1833979505588701,0.41941254761862223,26.87378385338343,FY22,0.8711509175851121,0.00397491159693364
PGHH,500459,Q3FY23,0.4098688186774524,-0.0457061127007689,26.823249653791134,FY23,0.7168271619293257,0.004259907191103876
PGHH,500459,Q3FY24,0.40079049540997014,0.25307307083238473,27.0128243603991,FY24,0.8711509175851121,0.00397491159693364
PGHH,500459,Q3FY25,0.2111283857872438,-0.11355189661779506,26.862872645919698,FY25,0.8711509175851121,0.00397491159693364
PGHH,500459,Q3FY26,0.21080265736169826,-0.18630931317264213,26.74964212168996,FY26,0.8711509175851121,0.00397491159693364
PGHH,500459,Q4FY21,0.11132147141879215,0.1810066089169877,26.65897746192702,FY21,0.8711509175851121,0.00397491159693364
PGHH,500459,Q4FY22,0.44845346946091336,0.21444460218623576,26.810279253968403,FY22,0.8711509175851121,0.00397491159693364
PGHH,500459,Q4FY23,0.19430629853515152,-0.11118956547525728,26.743245309711995,FY23,0.7168271619293257,0.004259907191103876
PGHH,500459,Q4FY24,0.48304821139203336,0.22246131558898233,26.996998861816355,FY24,0.8711509175851121,0.00397491159693364
PGHH,500459,Q4FY25,0.1709208398868099,-0.16711704491575066,26.792076291017015,FY25,0.8711509175851121,0.00397491159693364
PGHH,500459,Q4FY26,0.30745771203740957,-0.14976539583289702,26.435781538150742,FY26,0.8711509175851121,0.00397491159693364
PHOENIXLTD,503100,Q1FY22,0.835671287684485,0.006429335509915379,25.69656912347688,FY22,,
PHOENIXLTD,503100,Q1FY23,0.8650163716150496,0.4930317698780184,26.070765593964836,FY23,0.15930765414249773,0.5082814249601445
PHOENIXLTD,503100,Q1FY24,0.58928341297106,0.33444705645859174,26.350672266891447,FY24,0.11622355557280192,0.490524599451178
PHOENIXLTD,503100,Q1FY25,0.7031814068294425,1.1504268529412935,27.184272044988965,FY25,0.09420099030009726,0.4486172092158743
PHOENIXLTD,503100,Q1FY26,1.111028690043335,-0.04061782351817663,27.046948912194306,FY26,0.09420099030009726,0.4486172092158743
PHOENIXLTD,503100,Q2FY22,0.845695870646956,0.09841493125244298,25.859682645043534,FY22,0.09420099030009726,0.4486172092158743
PHOENIXLTD,503100,Q2FY23,0.8407052153720439,0.6145448039658685,26.239670475537803,FY23,0.15930765414249773,0.5082814249601445
PHOENIXLTD,503100,Q2FY24,0.5893329685593351,0.2974520539949566,26.50232072881537,FY24,0.11622355557280192,0.490524599451178
PHOENIXLTD,503100,Q2FY25,0.7882051268413702,1.1569374991035914,27.214005472038057,FY25,0.09420099030009726,0.4486172092158743
PHOENIXLTD,503100,Q2FY26,1.1496369504228543,-0.170019887013722,27.044574755753523,FY26,0.09420099030009726,0.4486172092158743
PHOENIXLTD,503100,Q3FY22,0.9172488832142294,0.26444664391476874,25.8873621496619,FY22,0.09420099030009726,0.4486172092158743
PHOENIXLTD,503100,Q3FY23,0.7591498335457294,0.4976437984667695,26.256257168096084,FY23,0.15930765414249773,0.5082814249601445
PHOENIXLTD,503100,Q3FY24,0.5655578670934829,0.6255065070368772,26.715143001200577,FY24,0.11622355557280192,0.490524599451178
PHOENIXLTD,503100,Q3FY25,0.9283537919260612,0.4455514178480677,27.092204976534006,FY25,0.09420099030009726,0.4486172092158743
PHOENIXLTD,503100,Q3FY26,1.052050483997825,0.05393956864409308,27.21985346200662,FY26,0.09420099030009726,0.4486172092158743
PHOENIXLTD,503100,Q4FY21,0.8299793770274844,0.035839295065841464,25.653323871684954,FY21,0.09420099030009726,0.4486172092158743
PHOENIXLTD,503100,Q4FY22,0.8678756355480639,0.2467326207432229,25.997385280634038,FY22,0.09420099030009726,0.4486172092158743
PHOENIXLTD,503100,Q4FY23,0.6572277708880507,0.4576351038878455,26.166936017083323,FY23,0.15930765414249773,0.5082814249601445
PHOENIXLTD,503100,Q4FY24,0.7486146787783523,1.1865751965081819,26.930051106520352,FY24,0.11622355557280192,0.490524599451178
PHOENIXLTD,503100,Q4FY25,0.9962778308439475,0.10709930512816089,27.097880431300638,FY25,0.09420099030009726,0.4486172092158743
PHOENIXLTD,503100,Q4FY26,1.0646604680553315,0.06571157948256123,27.012434063540535,FY26,0.09420099030009726,0.4486172092158743
PNBHOUSING,540173,Q1FY22,1.226508746340328,0.7160931905817135,25.711849243605194,FY22,,
PNBHOUSING,540173,Q1FY23,0.8726192594666105,-0.23565035343387866,24.984770220078246,FY23,0.09497124532180362,3.3123618785784457
PNBHOUSING,540173,Q1FY24,1.302504250194948,0.892734214482391,25.71428540520261,FY24,0.10070560234639826,2.4970109065848205
PNBHOUSING,540173,Q1FY25,1.20824503389079,0.5315362333535119,26.038649707428046,FY25,0.11481498393240164,2.6574989340650284
PNBHOUSING,540173,Q1FY26,1.0654734135742105,0.3119467569558327,26.38479547528479,FY26,0.11481498393240164,2.6574989340650284
PNBHOUSING,540173,Q2FY22,1.1458479139778035,0.7890083993885517,25.61754821720982,FY22,0.11481498393240164,2.6574989340650284
PNBHOUSING,540173,Q2FY23,0.9365195601258256,-0.44570988128243694,25.15692316182152,FY23,0.09497124532180362,3.3123618785784457
PNBHOUSING,540173,Q2FY24,1.4633385812433586,1.1479848817056792,25.915836894362638,FY24,0.10070560234639826,2.4970109065848205
PNBHOUSING,540173,Q2FY25,1.1609959756887034,0.5384434455514141,26.26377912704907,FY25,0.11481498393240164,2.6574989340650284
PNBHOUSING,540173,Q2FY26,1.2169640377665458,-0.13127539388845205,26.139413390037994,FY26,0.11481498393240164,2.6574989340650284
PNBHOUSING,540173,Q3FY22,0.963462298399423,0.5982860253725787,25.39003348739774,FY22,0.11481498393240164,2.6574989340650284
PNBHOUSING,540173,Q3FY23,1.1625436011796118,-0.11309046084928266,25.46432174056125,FY23,0.09497124532180362,3.3123618785784457
PNBHOUSING,540173,Q3FY24,1.1610506803893994,1.3018273840567507,26.033475856432702,FY24,0.10070560234639826,2.4970109065848205
PNBHOUSING,540173,Q3FY25,1.130493441100822,0.08750533351498879,26.150525743142886,FY25,0.11481498393240164,2.6574989340650284
PNBHOUSING,540173,Q3FY26,1.3948306437013116,0.06268522774952626,26.236343406403652,FY26,0.11481498393240164,2.6574989340650284
PNBHOUSING,540173,Q4FY21,0.9171041627324545,0.19779627515365522,25.11142828840475,FY21,0.11481498393240164,2.6574989340650284
PNBHOUSING,540173,Q4FY22,0.9359153331565777,-0.042432792853355196,25.116616071646273,FY22,0.11481498393240164,2.6574989340650284
PNBHOUSING,540173,Q4FY23,1.3758127996903555,0.47986625345401657,25.425337117860458,FY23,0.09497124532180362,3.3123618785784457
PNBHOUSING,540173,Q4FY24,1.0794935003420216,0.5492415634642913,25.818702546131536,FY24,0.10070560234639826,2.4970109065848205
PNBHOUSING,540173,Q4FY25,1.2316404000451135,0.06664869315380954,26.154845857093537,FY25,0.11481498393240164,2.6574989340650284
PNBHOUSING,540173,Q4FY26,1.3478993971889885,0.06644650621506429,26.005087675722063,FY26,0.11481498393240164,2.6574989340650284
POLICYBZR,543390,Q1FY22,,,,FY22,,
POLICYBZR,543390,Q1FY23,1.4136225680232601,-0.45217499986293386,26.30192236793803,FY23,-0.08896882931906579,0.04137647681828972
POLICYBZR,543390,Q1FY24,1.0190241038085461,-0.09186959579313363,26.497622301779586,FY24,0.01140856033779422,0.04314915781387593
POLICYBZR,543390,Q1FY25,0.8204280267332418,0.862259500727019,27.1933851919098,FY25,0.05488100642384971,0.05009421231662801
POLICYBZR,543390,Q1FY26,1.3483775242048597,0.3809430030741251,27.459856251715582,FY26,0.05488100642384971,0.05009421231662801
POLICYBZR,543390,Q2FY22,,,,FY22,0.05488100642384971,0.05009421231662801
POLICYBZR,543390,Q2FY23,1.3719143608702926,-0.5878316828848354,26.109267429368806,FY23,-0.08896882931906579,0.04137647681828972
POLICYBZR,543390,Q2FY24,0.9620791898860033,0.5112150757665678,26.591326471585518,FY24,0.01140856033779422,0.04314915781387593
POLICYBZR,543390,Q2FY25,0.8542256019763261,1.4384287696284777,27.341274427170834,FY25,0.05488100642384971,0.05009421231662801
POLICYBZR,543390,Q2FY26,1.4253209100405744,0.021626071767003978,27.390683202893314,FY26,0.05488100642384971,0.05009421231662801
POLICYBZR,543390,Q3FY22,,,26.807901605131814,FY22,0.05488100642384971,0.05009421231662801
POLICYBZR,543390,Q3FY23,1.4091531591526838,-0.637991269640577,26.056586517691784,FY23,-0.08896882931906579,0.04137647681828972
POLICYBZR,543390,Q3FY24,0.750521841008014,1.0260629775625971,26.629025690625863,FY24,0.01140856033779422,0.04314915781387593
POLICYBZR,543390,Q3FY25,0.7446667322323895,1.2833202683000802,27.60502199426184,FY25,0.05488100642384971,0.05009421231662801
POLICYBZR,543390,Q3FY26,1.7137353296036792,0.006915888491527998,27.460787859494634,FY26,0.05488100642384971,0.05009421231662801
POLICYBZR,543390,Q4FY21,,,,FY21,0.05488100642384971,0.05009421231662801
POLICYBZR,543390,Q4FY22,1.3715040465415262,-0.44934711727054755,26.49402801993744,FY22,0.05488100642384971,0.05009421231662801
POLICYBZR,543390,Q4FY23,1.3242282947843005,-0.17461370569818505,26.41087187958094,FY23,-0.08896882931906579,0.04137647681828972
POLICYBZR,543390,Q4FY24,0.8236536058195074,1.2134151446605073,26.97599531941081,FY24,0.01140856033779422,0.04314915781387593
POLICYBZR,543390,Q4FY25,0.9949130531774658,0.5112427038267554,27.322455943907514,FY25,0.05488100642384971,0.05009421231662801
POLICYBZR,543390,Q4FY26,1.1141863331663284,0.01312511287809002,27.215014005026507,FY26,0.05488100642384971,0.05009421231662801
POLYCAB,542652,Q1FY22,0.5575705330482492,0.6206964803874752,26.39033866764506,FY22,,
POLYCAB,542652,Q1FY23,0.8797621072369046,0.4755869138434517,26.510651912500684,FY23,0.19146351771159165,0.2011543409750517
POLYCAB,542652,Q1FY24,0.7150865132311917,0.4104707144226509,26.99458259864234,FY24,0.21790836695722826,0.2471022216077079
POLYCAB,542652,Q1FY25,0.9557162479852968,0.9927358700829902,27.63529689510155,FY25,0.20559642341876994,0.1535542148747713
POLYCAB,542652,Q1FY26,1.088686631620996,-0.09957433556349646,27.617102232767632,FY26,0.20559642341876994,0.1535542148747713
POLYCAB,542652,Q2FY22,0.5261522385042833,1.0070294072729138,26.58577125675284,FY22,0.20559642341876994,0.1535542148747713
POLYCAB,542652,Q2FY23,0.8905057533330634,0.3462254490420567,26.66194946962572,FY23,0.19146351771159165,0.2011543409750517
POLYCAB,542652,Q2FY24,0.7635223614972477,1.0816428882443885,27.403107714274267,FY24,0.21790836695722826,0.2471022216077079
POLYCAB,542652,Q2FY25,0.9831178573729734,0.4326638266397631,27.6713937489812,FY25,0.20559642341876994,0.1535542148747713
POLYCAB,542652,Q2FY26,1.0572845967566527,0.06129367710056681,27.723439221604263,FY26,0.20559642341876994,0.1535542148747713
POLYCAB,542652,Q3FY22,0.6983215486846821,1.2924790978311222,26.617696631450656,FY22,0.20559642341876994,0.1535542148747713
POLYCAB,542652,Q3FY23,0.8586382048547354,0.16394840640049166,26.66520499830035,FY23,0.19146351771159165,0.2011543409750517
POLYCAB,542652,Q3FY24,0.7813172633320292,1.060708898869955,27.429300904695868,FY24,0.21790836695722826,0.2471022216077079
POLYCAB,542652,Q3FY25,1.006643119907769,0.3799425941804066,27.715983671881222,FY25,0.20559642341876994,0.1535542148747713
POLYCAB,542652,Q3FY26,1.0935102918216297,0.08290337383503377,27.768129650508765,FY26,0.20559642341876994,0.1535542148747713
POLYCAB,542652,Q4FY21,0.37541087617627766,0.29132266064186424,26.031502195991102,FY21,0.20559642341876994,0.1535542148747713
POLYCAB,542652,Q4FY22,0.8763028474940161,0.7829598541254459,26.575420582947217,FY22,0.20559642341876994,0.1535542148747713
POLYCAB,542652,Q4FY23,0.8192231856200294,0.30091555778025286,26.779456961668224,FY23,0.19146351771159165,0.2011543409750517
POLYCAB,542652,Q4FY24,0.8374687100421726,0.6017521393118077,27.349665252519095,FY24,0.21790836695722826,0.2471022216077079
POLYCAB,542652,Q4FY25,1.0755998721349622,0.22399812870334673,27.37050276810295,FY25,0.20559642341876994,0.1535542148747713
POLYCAB,542652,Q4FY26,1.1676813134116442,0.5441185289223842,27.660783819687076,FY26,0.20559642341876994,0.1535542148747713
POWERINDIA,543187,Q1FY22,0.9226977559379707,0.4784632137801215,25.15485737685894,FY22,,
POWERINDIA,543187,Q1FY23,0.8160730839739608,0.825424544088327,25.666037375000137,FY23,0.07726423710822752,0.27508207782376515
POWERINDIA,543187,Q1FY24,0.23377143563594605,0.21797542078736956,25.94395799066743,FY24,0.12043798304249671,0.15713266709317802
POWERINDIA,543187,Q1FY25,1.1136079120035016,1.7008040066510899,27.077864204306973,FY25,0.09111769744975808,0.020989010728243922
POWERINDIA,543187,Q1FY26,1.096815212267235,0.746368065175131,27.51617207291832,FY26,0.09111769744975808,0.020989010728243922
POWERINDIA,543187,Q2FY22,0.8182916999623011,0.6385488178538692,25.40960143174714,FY22,0.09111769744975808,0.020989010728243922
POWERINDIA,543187,Q2FY23,0.7558617190706407,0.745024658006149,25.768704051797034,FY23,0.07726423710822752,0.27508207782376515
POWERINDIA,543187,Q2FY24,0.23762507281544465,0.2675571492130652,25.93076163847489,FY24,0.12043798304249671,0.15713266709317802
POWERINDIA,543187,Q2FY25,1.141424218904687,1.8383132656337198,27.197357794274815,FY25,0.09111769744975808,0.020989010728243922
POWERINDIA,543187,Q2FY26,1.085585883512061,0.5561152666921927,27.410807152132982,FY26,0.09111769744975808,0.020989010728243922
POWERINDIA,543187,Q3FY22,0.9167314985342921,1.1092582556570252,25.445029290473663,FY22,0.09111769744975808,0.020989010728243922
POWERINDIA,543187,Q3FY23,0.5889036841351365,0.16657473832530562,25.727128816712757,FY23,0.07726423710822752,0.27508207782376515
POWERINDIA,543187,Q3FY24,0.44431330200623875,0.6373636356324626,26.180695858328093,FY24,0.12043798304249671,0.15713266709317802
POWERINDIA,543187,Q3FY25,1.2258855229786496,1.586254558116695,27.18816493923903,FY25,0.09111769744975808,0.020989010728243922
POWERINDIA,543187,Q3FY26,1.0193073271052004,0.7987415308286926,27.427827198910833,FY26,0.09111769744975808,0.020989010728243922
POWERINDIA,543187,Q4FY21,0.836652311024628,0.10233616290782867,24.829519466499686,FY21,0.09111769744975808,0.020989010728243922
POWERINDIA,543187,Q4FY22,0.8578635583794475,1.3058477422599049,25.77691136841294,FY22,0.09111769744975808,0.020989010728243922
POWERINDIA,543187,Q4FY23,0.46354014312873565,0.03997050894838962,25.72594809965035,FY23,0.07726423710822752,0.27508207782376515
POWERINDIA,543187,Q4FY24,0.6674352557188381,0.968224631596745,26.46159728536845,FY24,0.12043798304249671,0.15713266709317802
POWERINDIA,543187,Q4FY25,1.3865547101334346,0.9337004694819134,27.058035588623152,FY25,0.09111769744975808,0.020989010728243922
POWERINDIA,543187,Q4FY26,0.961967937104343,1.3816473907325997,27.708177709521753,FY26,0.09111769744975808,0.020989010728243922
PPLPHARMA,543635,Q1FY22,,,,FY22,,
PPLPHARMA,543635,Q1FY23,,,,FY23,-0.027527865948180408,0.8322255850003691
PPLPHARMA,543635,Q1FY24,1.4020662646080209,-0.5718420803197686,25.505021469450476,FY24,0.0022524629203143844,0.595368167718743
PPLPHARMA,543635,Q1FY25,0.6756002277592037,1.1223091688732536,26.059845214361225,FY25,0.011215434051943226,0.5976892242976046
PPLPHARMA,543635,Q1FY26,0.8162248236308685,0.3982378133412139,26.317873865394628,FY26,0.011215434051943226,0.5976892242976046
PPLPHARMA,543635,Q2FY22,,,,FY22,0.011215434051943226,0.5976892242976046
PPLPHARMA,543635,Q2FY23,,,,FY23,-0.027527865948180408,0.8322255850003691
PPLPHARMA,543635,Q2FY24,1.2359148736062595,-0.4594347889496476,25.627534733274697,FY24,0.0022524629203143844,0.595368167718743
PPLPHARMA,543635,Q2FY25,0.5379610351898961,0.9141419616771802,26.436563308047692,FY25,0.011215434051943226,0.5976892242976046
PPLPHARMA,543635,Q2FY26,1.0526644003113605,0.016561314425954,26.256556168007286,FY26,0.011215434051943226,0.5976892242976046
PPLPHARMA,543635,Q3FY22,,,,FY22,0.011215434051943226,0.5976892242976046
PPLPHARMA,543635,Q3FY23,,-0.2739472434440528,25.720237553064855,FY23,-0.027527865948180408,0.8322255850003691
PPLPHARMA,543635,Q3FY24,1.3716730027045836,-0.016958379267720206,25.93546600331523,FY24,0.0022524629203143844,0.595368167718743
PPLPHARMA,543635,Q3FY25,0.6459486214670667,1.2487053562787842,26.587233394006187,FY25,0.011215434051943226,0.5976892242976046
PPLPHARMA,543635,Q3FY26,1.0830845416864046,-0.2566213651993484,26.152160076443348,FY26,0.011215434051943226,0.5976892242976046
PPLPHARMA,543635,Q4FY21,,,,FY21,0.011215434051943226,0.5976892242976046
PPLPHARMA,543635,Q4FY22,,,,FY22,0.011215434051943226,0.5976892242976046
PPLPHARMA,543635,Q4FY23,1.1122944834821462,-0.5852631169797767,25.204457048393152,FY23,-0.027527865948180408,0.8322255850003691
PPLPHARMA,543635,Q4FY24,1.0260609488736205,0.6053513744573327,25.8611085955239,FY24,0.0022524629203143844,0.595368167718743
PPLPHARMA,543635,Q4FY25,0.7960539786525009,0.5932981011763859,26.41778635014291,FY25,0.011215434051943226,0.5976892242976046
PPLPHARMA,543635,Q4FY26,1.1188097497686547,-0.18463856708363935,25.92006293795873,FY26,0.011215434051943226,0.5976892242976046
PRESTIGE,533274,Q1FY22,0.8546272452123671,0.019302990064432677,25.53797727983474,FY22,,
PRESTIGE,533274,Q1FY23,1.1629057834749985,0.660171778226732,25.831990511790863,FY23,0.09441320060549557,0.944322476516997
PRESTIGE,533274,Q1FY24,0.6591428489609333,0.12635200867154708,26.230568499103164,FY24,0.12172241513712706,1.1921550563390262
PRESTIGE,533274,Q1FY25,1.3350018422160042,2.148482996347228,27.424590536130474,FY25,0.030311871879660248,0.8545613693833884
PRESTIGE,533274,Q1FY26,1.2115856075422329,-0.09295538188833521,27.292847579122377,FY26,0.030311871879660248,0.8545613693833884
PRESTIGE,533274,Q2FY22,0.9735913211446434,0.32177650489467025,26.069316882058537,FY22,0.030311871879660248,0.8545613693833884
PRESTIGE,533274,Q2FY23,1.0385968144590785,0.34668051582236475,25.985262409152934,FY23,0.09441320060549557,0.944322476516997
PRESTIGE,533274,Q2FY24,0.5675065923095121,0.33023450055351844,26.2801372493942,FY24,0.12172241513712706,1.1921550563390262
PRESTIGE,533274,Q2FY25,1.2879974118901159,2.25201429373507,27.400212240510445,FY25,0.030311871879660248,0.8545613693833884
PRESTIGE,533274,Q2FY26,1.3930955111819063,-0.07418778550880158,27.20092367688505,FY26,0.030311871879660248,0.8545613693833884
PRESTIGE,533274,Q3FY22,1.1604602403907622,0.6788904398873948,26.03596660731728,FY22,0.030311871879660248,0.8545613693833884
PRESTIGE,533274,Q3FY23,0.8849219206004472,0.13046376670637957,26.015373613293114,FY23,0.09441320060549557,0.944322476516997
PRESTIGE,533274,Q3FY24,0.5811871047980586,1.0399745188507645,26.951220776013983,FY24,0.12172241513712706,1.1921550563390262
PRESTIGE,533274,Q3FY25,1.287315488401169,0.852062983327983,27.314690030409274,FY25,0.030311871879660248,0.8545613693833884
PRESTIGE,533274,Q3FY26,1.6485851696727316,-0.02639879685219495,27.255496186394772,FY26,0.030311871879660248,0.8545613693833884
PRESTIGE,533274,Q4FY21,0.7936060158283638,0.11731622345206989,25.591926404969442,FY21,0.030311871879660248,0.8545613693833884
PRESTIGE,533274,Q4FY22,1.211952426906811,0.614266979267163,26.07530880361912,FY22,0.030311871879660248,0.8545613693833884
PRESTIGE,533274,Q4FY23,0.7008850271071635,-0.09542651624604337,25.875892190172884,FY23,0.09441320060549557,0.944322476516997
PRESTIGE,533274,Q4FY24,0.7915006060745073,2.020868298160504,26.94364264177987,FY24,0.12172241513712706,1.1921550563390262
PRESTIGE,533274,Q4FY25,1.2985250080357447,0.024596913678225876,26.95683380446627,FY25,0.030311871879660248,0.8545613693833884
PRESTIGE,533274,Q4FY26,1.651049176463609,0.16857843958725025,26.907863300142786,FY26,0.030311871879660248,0.8545613693833884
RADICO,532497,Q1FY22,0.7464012098402193,0.35125968239016003,25.333666202330665,FY22,,
RADICO,532497,Q1FY23,0.9312492878161984,0.2719944683738939,25.47549384391892,FY23,0.0998015168563473,0.34133692843134367
RADICO,532497,Q1FY24,0.09309077668971909,0.48618011868396016,25.804128778185166,FY24,0.10746541784835767,0.42245104490321295
RADICO,532497,Q1FY25,0.6526450326253552,0.43983972317414033,26.19737855070725,FY25,0.12550746973810978,0.4003939048070041
RADICO,532497,Q1FY26,0.503991672328916,0.5426214927086277,26.58099950099914,FY26,0.12550746973810978,0.4003939048070041
RADICO,532497,Q2FY22,0.660018770474464,0.9148960878121508,25.485188802845965,FY22,0.12550746973810978,0.4003939048070041
RADICO,532497,Q2FY23,0.8757324566013457,0.17591327146718835,25.658491802174414,FY23,0.0998015168563473,0.34133692843134367
RADICO,532497,Q2FY24,0.06561308156708945,0.22504011800870055,25.802672838790567,FY24,0.10746541784835767,0.42245104490321295
RADICO,532497,Q2FY25,0.6953765661988847,0.5230606143463541,26.33451222385066,FY25,0.12550746973810978,0.4003939048070041
RADICO,532497,Q2FY26,0.5207364847172228,0.5824121506519527,26.680873213207825,FY26,0.12550746973810978,0.4003939048070041
RADICO,532497,Q3FY22,0.6763223303173216,1.3881251247961537,25.823888089142265,FY22,0.12550746973810978,0.4003939048070041
RADICO,532497,Q3FY23,0.8174081075286791,0.003067738530851724,25.62698991322529,FY23,0.0998015168563473,0.34133692843134367
RADICO,532497,Q3FY24,0.28938871987937986,0.4890443331173161,26.122911027569724,FY24,0.10746541784835767,0.42245104490321295
RADICO,532497,Q3FY25,0.5394082424044939,0.7197959738800037,26.57667254065455,FY25,0.12550746973810978,0.4003939048070041
RADICO,532497,Q3FY26,0.6547348988197208,0.36612546244822886,26.813781125434577,FY26,0.12550746973810978,0.4003939048070041
RADICO,532497,Q4FY21,0.7222785602530188,0.24786432128535302,25.029558808713965,FY21,0.12550746973810978,0.4003939048070041
RADICO,532497,Q4FY22,0.9574064820039695,0.5976562005741843,25.493046553095457,FY22,0.12550746973810978,0.4003939048070041
RADICO,532497,Q4FY23,0.4193868902561024,0.2784321560112194,25.79247758642302,FY23,0.0998015168563473,0.34133692843134367
RADICO,532497,Q4FY24,0.33067580195545504,0.45654640681236275,26.163968140257925,FY24,0.10746541784835767,0.42245104490321295
RADICO,532497,Q4FY25,0.6741410266473364,0.20450267950389847,26.506353459291063,FY25,0.12550746973810978,0.4003939048070041
RADICO,532497,Q4FY26,0.5569324480067166,0.44937718029761925,26.58706132226903,FY26,0.12550746973810978,0.4003939048070041
RAINBOW,543524,Q1FY22,,,,FY22,,
RAINBOW,543524,Q1FY23,,,24.56879513058098,FY23,0.1989168891698352,0.5380853091300205
RAINBOW,543524,Q1FY24,0.5402398480322299,1.08383397066712,25.299234457812684,FY24,0.17236966689119632,0.6079029142254363
RAINBOW,543524,Q1FY25,0.194333122847341,0.40947056156601547,25.55872932424645,FY25,0.16579836574619278,0.5200821690336352
RAINBOW,543524,Q1FY26,0.3772576908804587,0.12941801641365958,25.78949019916058,FY26,0.16579836574619278,0.5200821690336352
RAINBOW,543524,Q2FY22,,,,FY22,0.16579836574619278,0.5200821690336352
RAINBOW,543524,Q2FY23,0.5004150051097653,0.40881834113626814,24.8751496344486,FY23,0.1989168891698352,0.5380853091300205
RAINBOW,543524,Q2FY24,0.6372104515284516,0.7779743281855067,25.366866837416918,FY24,0.17236966689119632,0.6079029142254363
RAINBOW,543524,Q2FY25,0.11810093673675237,0.19164286305679706,25.677898198665126,FY25,0.16579836574619278,0.5200821690336352
RAINBOW,543524,Q2FY26,0.4466075866343383,0.21279940461645303,25.648062337261287,FY26,0.16579836574619278,0.5200821690336352
RAINBOW,543524,Q3FY22,,,,FY22,0.16579836574619278,0.5200821690336352
RAINBOW,543524,Q3FY23,0.5377290041088824,0.7222445776816117,25.033649967963505,FY23,0.1989168891698352,0.5380853091300205
RAINBOW,543524,Q3FY24,0.5422186506351869,0.41762564207585223,25.515424390212065,FY24,0.17236966689119632,0.6079029142254363
RAINBOW,543524,Q3FY25,0.14673951189599566,0.43126697253718915,25.746698200779797,FY25,0.16579836574619278,0.5200821690336352
RAINBOW,543524,Q3FY26,0.4780807621234381,-0.19021712289111656,25.621154884341365,FY26,0.16579836574619278,0.5200821690336352
RAINBOW,543524,Q4FY21,,,,FY21,0.16579836574619278,0.5200821690336352
RAINBOW,543524,Q4FY22,,,,FY22,0.16579836574619278,0.5200821690336352
RAINBOW,543524,Q4FY23,0.5708424830826567,0.6504796462623814,25.021810710093224,FY23,0.1989168891698352,0.5380853091300205
RAINBOW,543524,Q4FY24,0.22066486195816348,0.7194597962872328,25.59938919980574,FY24,0.17236966689119632,0.6079029142254363
RAINBOW,543524,Q4FY25,0.36754231406549454,0.0517633887135917,25.679218890169356,FY25,0.16579836574619278,0.5200821690336352
RAINBOW,543524,Q4FY26,0.40164207254811646,-0.05711263494071061,25.49461198111543,FY26,0.16579836574619278,0.5200821690336352
RAMCOCEM,500260,Q1FY22,0.9472043578896223,0.19912191653495398,26.202623234524566,FY22,,
RAMCOCEM,500260,Q1FY23,0.9969542583097889,-0.2784869653422275,25.725899532932505,FY23,0.04584131314986314,0.6569116142403651
RAMCOCEM,500260,Q1FY24,0.8838681687212315,0.4190897669337022,26.102423246542095,FY24,0.04973127564625098,0.6820348443609334
RAMCOCEM,500260,Q1FY25,0.9967871880471784,-0.03523940808654315,26.00487360060633,FY25,0.036638379929182376,0.6281684841399421
RAMCOCEM,500260,Q1FY26,0.807925237656155,0.25823002724963184,26.25911841606448,FY26,0.036638379929182376,0.6281684841399421
RAMCOCEM,500260,Q2FY22,0.9182759878373541,0.27293941457727655,26.16173013990535,FY22,0.036638379929182376,0.6281684841399421
RAMCOCEM,500260,Q2FY23,1.0312014891827492,-0.21232371451869086,25.89949596730687,FY23,0.04584131314986314,0.6569116142403651
RAMCOCEM,500260,Q2FY24,0.7564342507550268,0.16201971053794378,26.0893711827392,FY24,0.04973127564625098,0.6820348443609334
RAMCOCEM,500260,Q2FY25,1.0064038733429548,-0.021391524841551705,26.043895485252996,FY25,0.036638379929182376,0.6281684841399421
RAMCOCEM,500260,Q2FY26,0.8575107320263653,0.2903272464184565,26.173628169379377,FY26,0.036638379929182376,0.6281684841399421
RAMCOCEM,500260,Q3FY22,0.9237705648159804,0.19994221393072698,26.181290751813183,FY22,0.036638379929182376,0.6281684841399421
RAMCOCEM,500260,Q3FY23,1.0455812120994865,-0.283584036246823,25.824878148325023,FY23,0.04584131314986314,0.6569116142403651
RAMCOCEM,500260,Q3FY24,0.7097047905308207,0.49441312298973106,26.203607841728306,FY24,0.04973127564625098,0.6820348443609334
RAMCOCEM,500260,Q3FY25,1.0324719454848394,0.03402876231798886,26.151657986452932,FY25,0.036638379929182376,0.6281684841399421
RAMCOCEM,500260,Q3FY26,0.8246945506489645,0.06783933313854576,26.24339195611769,FY26,0.036638379929182376,0.6281684841399421
RAMCOCEM,500260,Q4FY21,1.055085139193007,0.21805035876815956,26.179745946770783,FY21,0.036638379929182376,0.6281684841399421
RAMCOCEM,500260,Q4FY22,1.0078419607755056,-0.16418478919272028,25.91329867570163,FY22,0.036638379929182376,0.6281684841399421
RAMCOCEM,500260,Q4FY23,0.9114059172171443,-0.11584216235903838,25.902341484899605,FY23,0.04584131314986314,0.6569116142403651
RAMCOCEM,500260,Q4FY24,0.8010033916851977,0.18048137177638893,25.97341984838925,FY24,0.04973127564625098,0.6820348443609334
RAMCOCEM,500260,Q4FY25,1.068935148797072,-0.03415702100493447,26.077633596810703,FY25,0.036638379929182376,0.6281684841399421
RAMCOCEM,500260,Q4FY26,0.8064647095694673,0.34711429235294766,26.1050628277479,FY26,0.036638379929182376,0.6281684841399421
REDINGTON,532805,Q1FY22,0.8175088124673259,0.8464995402926591,25.19750799640814,FY22,,
REDINGTON,532805,Q1FY23,1.0250860350269324,0.481402284319385,25.169945489933152,FY23,0.20102347939688336,0.47937523006633126
REDINGTON,532805,Q1FY24,0.9142317548856564,0.3575817373485675,25.614421288009588,FY24,0.16143399145815449,0.39188233236893144
REDINGTON,532805,Q1FY25,0.7608843908914849,0.2105505918076778,25.793527636374364,FY25,0.18401933714327648,0.3220395732619045
REDINGTON,532805,Q1FY26,0.9007947504258953,0.28984398255135724,26.239967357372223,FY26,0.18401933714327648,0.3220395732619045
REDINGTON,532805,Q2FY22,0.8248841642498586,1.3930719640053346,25.2745888505658,FY22,0.18401933714327648,0.3220395732619045
REDINGTON,532805,Q2FY23,0.9626627316852663,0.044370617739838414,25.324586344427438,FY23,0.20102347939688336,0.47937523006633126
REDINGTON,532805,Q2FY24,1.038644116718023,0.09433726485912261,25.46865802018601,FY24,0.16143399145815449,0.39188233236893144
REDINGTON,532805,Q2FY25,0.786307892753737,0.34560526044609086,25.673636286579324,FY25,0.18401933714327648,0.3220395732619045
REDINGTON,532805,Q2FY26,1.0666147152024368,0.22816631215586466,26.12404195875084,FY26,0.18401933714327648,0.3220395732619045
REDINGTON,532805,Q3FY22,0.7922126656540855,1.342650631406735,25.312940037475705,FY22,0.18401933714327648,0.3220395732619045
REDINGTON,532805,Q3FY23,1.047511913436515,0.29216134656664494,25.58606616317488,FY23,0.20102347939688336,0.47937523006633126
REDINGTON,532805,Q3FY24,0.988432944743643,-0.0058113751146685435,25.601543290396855,FY24,0.16143399145815449,0.39188233236893144
REDINGTON,532805,Q3FY25,0.8237902524244336,0.26857135934233206,25.753733187598456,FY25,0.18401933714327648,0.3220395732619045
REDINGTON,532805,Q3FY26,1.0741708738765139,0.45700755838673207,26.08416483173307,FY26,0.18401933714327648,0.3220395732619045
REDINGTON,532805,Q4FY21,0.4729612317041249,0.37027350204424747,24.86025014801595,FY21,0.18401933714327648,0.3220395732619045
REDINGTON,532805,Q4FY22,1.0552360617871528,0.7518500735074408,25.31363024569068,FY22,0.18401933714327648,0.3220395732619045
REDINGTON,532805,Q4FY23,0.976004905863481,0.1637596286987729,25.504570336933064,FY23,0.20102347939688336,0.47937523006633126
REDINGTON,532805,Q4FY24,0.8259894677989186,0.21920938780678503,25.766223218790536,FY24,0.16143399145815449,0.39188233236893144
REDINGTON,532805,Q4FY25,0.829813415893501,0.2135793896179966,25.947921497196866,FY25,0.18401933714327648,0.3220395732619045
REDINGTON,532805,Q4FY26,1.116112774508442,0.0884457891821635,25.77514412552305,FY26,0.18401933714327648,0.3220395732619045
RELIANCE,500325,Q1FY22,0.9633469168474167,0.09127038335412628,30.195677843702278,FY22,,
RELIANCE,500325,Q1FY23,1.1163849148091112,0.33732139467073247,30.40251886175502,FY23,0.09317587501676278,0.46711143891645435
RELIANCE,500325,Q1FY24,1.151303759157682,-0.05131755744227597,30.388130735458773,FY24,0.08774123135903696,0.43623224752703593
RELIANCE,500325,Q1FY25,1.2071332668729695,0.2871420843502795,30.67688050187812,FY25,0.08259962049335863,0.43830052182163187
RELIANCE,500325,Q1FY26,1.176057832238488,-0.03683664758236201,30.637992389575295,FY26,0.08259962049335863,0.43830052182163187
RELIANCE,500325,Q2FY22,0.9699827838562123,0.14013713215551063,30.372643009405788,FY22,0.08259962049335863,0.43830052182163187
RELIANCE,500325,Q2FY23,1.104146143789029,0.15167515354839958,30.31809395073412,FY23,0.09317587501676278,0.46711143891645435
RELIANCE,500325,Q2FY24,1.267621135404592,-0.0040619295857244105,30.38787737334959,FY24,0.08774123135903696,0.43623224752703593
RELIANCE,500325,Q2FY25,1.1751149542300388,0.1890639906856929,30.621852568111006,FY25,0.08259962049335863,0.43830052182163187
RELIANCE,500325,Q2FY26,1.187927401133909,-0.09406687527924741,30.54653485279402,FY26,0.08259962049335863,0.43830052182163187
RELIANCE,500325,Q3FY22,1.063715038206051,0.25358788549243333,30.310791049457837,FY22,0.08259962049335863,0.43830052182163187
RELIANCE,500325,Q3FY23,1.051110478118841,0.1324651117897229,30.38693393701106,FY23,0.09317587501676278,0.46711143891645435
RELIANCE,500325,Q3FY24,1.250908282749178,0.017587833090934375,30.485298109175194,FY24,0.08774123135903696,0.43623224752703593
RELIANCE,500325,Q3FY25,1.224145262846734,0.10378238063163872,30.427241679421602,FY25,0.08259962049335863,0.43830052182163187
RELIANCE,500325,Q3FY26,1.1432924824400286,0.21351768561739842,30.687443672899263,FY26,0.08259962049335863,0.43830052182163187
RELIANCE,500325,Q4FY21,0.9658977368145627,0.049459088627000776,30.13989764394005,FY21,0.08259962049335863,0.43830052182163187
RELIANCE,500325,Q4FY22,1.0985285902001818,0.17911250746570592,30.417470131231507,FY22,0.08259962049335863,0.43830052182163187
RELIANCE,500325,Q4FY23,1.1126673576606978,-0.018500826970026522,30.298258128564356,FY23,0.09317587501676278,0.46711143891645435
RELIANCE,500325,Q4FY24,1.2565191848160704,0.32987588526735045,30.624726095438074,FY24,0.08774123135903696,0.43623224752703593
RELIANCE,500325,Q4FY25,1.164405072852819,-0.17874520360137405,30.475151916355838,FY25,0.08259962049335863,0.43830052182163187
RELIANCE,500325,Q4FY26,0.9965993554070803,0.14581803110532612,30.53168914611021,FY26,0.08259962049335863,0.43830052182163187
RPOWER,532939,Q1FY22,0.2787168863972994,1.4714284624372231,24.850989797996117,FY22,,
RPOWER,532939,Q1FY23,0.9370634268859127,0.534883630669011,24.585286632263113,FY23,-0.0405997906062587,1.8314216524167384
RPOWER,532939,Q1FY24,0.961246380671047,0.07024788437999682,24.785562006249098,FY24,-0.1780958268827074,1.6158133471558982
RPOWER,532939,Q1FY25,0.8674833403318247,1.2105264566831895,25.507818726430717,FY25,0.18043689302560173,0.9275211511411394
RPOWER,532939,Q1FY26,1.5726740961703964,1.1842104376282319,26.395569151106724,FY26,0.18043689302560173,0.9275211511411394
RPOWER,532939,Q2FY22,0.24139263225148877,2.2571427481515074,24.756679090578377,FY22,0.18043689302560173,0.9275211511411394
RPOWER,532939,Q2FY23,0.8802190374525827,0.8235293457664857,24.94022090846371,FY23,-0.0405997906062587,1.8314216524167384
RPOWER,532939,Q2FY24,1.322348141876788,0.32026147131500293,25.1004506576277,FY24,-0.1780958268827074,1.6158133471558982
RPOWER,532939,Q2FY25,0.9479980348358119,0.8634146449255271,26.02779693111349,FY25,0.18043689302560173,0.9275211511411394
RPOWER,532939,Q2FY26,1.6813516071651464,0.4156219881549431,25.935277773135127,FY26,0.18043689302560173,0.9275211511411394
RPOWER,532939,Q3FY22,0.6309140395569162,2.728571483067104,24.75300941768516,FY22,0.18043689302560173,0.9275211511411394
RPOWER,532939,Q3FY23,0.7477155676032978,0.18081179149653315,24.806689565682795,FY23,-0.0405997906062587,1.8314216524167384
RPOWER,532939,Q3FY24,1.7149752706958372,0.4285714104665535,25.29139292472138,FY24,-0.1780958268827074,1.6158133471558982
RPOWER,532939,Q3FY25,0.7648765038268489,0.7511312260151979,25.89479381435048,FY25,0.18043689302560173,0.9275211511411394
RPOWER,532939,Q3FY26,2.0786704645127747,0.07188093354284979,25.693992690316254,FY26,0.18043689302560173,0.9275211511411394
RPOWER,532939,Q4FY21,-0.25444687354751805,0.21428571428571444,23.613115420070955,FY21,0.18043689302560173,0.9275211511411394
RPOWER,532939,Q4FY22,0.9260333558651719,2.8382352425565394,24.745629282338292,FY22,0.18043689302560173,0.9275211511411394
RPOWER,532939,Q4FY23,1.0570308412902285,-0.2767527636320002,24.440512128895076,FY23,-0.0405997906062587,1.8314216524167384
RPOWER,532939,Q4FY24,1.287902803173698,1.2747746965984075,25.484033054486357,FY24,-0.1780958268827074,1.6158133471558982
RPOWER,532939,Q4FY25,1.069674973907596,0.3807183139644295,25.903674477457653,FY25,0.18043689302560173,0.9275211511411394
RPOWER,532939,Q4FY26,1.8588887430626104,-0.30560082209943934,25.156511818554204,FY26,0.18043689302560173,0.9275211511411394
SAIL,500113,Q1FY22,1.158948305535424,0.6528334453940572,26.865845433589175,FY22,,
SAIL,500113,Q1FY23,1.5101161969735752,-0.3273383660994751,26.29418789897143,FY23,0.03975639066266496,0.5621059691849751
SAIL,500113,Q1FY24,1.2857731723282708,0.2090769157683006,26.55699026450541,FY24,0.05370585777326649,0.6361098764614836
SAIL,500113,Q1FY25,2.345263797125963,0.994238441415616,27.12306657447922,FY25,0.04026475576774436,0.6270020801074804
SAIL,500113,Q1FY26,1.57246315306012,-0.2319521116213581,27.011941253994237,FY26,0.04026475576774436,0.6270020801074804
SAIL,500113,Q2FY22,1.2052346695072036,0.6582886020340771,26.742584894127173,FY22,0.04026475576774436,0.6270020801074804
SAIL,500113,Q2FY23,1.4816155019259145,-0.22137109804051,26.437310680985963,FY23,0.03975639066266496,0.5621059691849751
SAIL,500113,Q2FY24,1.337805324753924,0.16396720551433375,26.65534498434445,FY24,0.05370585777326649,0.6361098764614836
SAIL,500113,Q2FY25,2.315329868201206,0.6056795135639049,27.08052488925972,FY25,0.04026475576774436,0.6270020801074804
SAIL,500113,Q2FY26,1.5662575732367636,-0.10205123522427734,27.043085881781547,FY26,0.04026475576774436,0.6270020801074804
SAIL,500113,Q3FY22,1.3783352815749808,0.49643523850235455,26.716773571309908,FY22,0.04026475576774436,0.6270020801074804
SAIL,500113,Q3FY23,1.4074676081502457,-0.12518088642397956,26.511372139353693,FY23,0.03975639066266496,0.5621059691849751
SAIL,500113,Q3FY24,1.4837365588599059,0.12770153650024924,26.931102219336154,FY24,0.05370585777326649,0.6361098764614836
SAIL,500113,Q3FY25,2.228021010157649,0.31651799523790725,26.85775262826174,FY25,0.04026475576774436,0.6270020801074804
SAIL,500113,Q3FY26,1.6089805777736683,0.18054581842084466,27.132035019076323,FY26,0.04026475576774436,0.6270020801074804
SAIL,500113,Q4FY21,0.7567173419646864,0.04393083966405553,26.360619008001766,FY21,0.04026475576774436,0.6270020801074804
SAIL,500113,Q4FY22,1.600669734489128,0.5138491242660272,26.657188587368825,FY22,0.04026475576774436,0.6270020801074804
SAIL,500113,Q4FY23,1.3882840353292187,-0.0790226093916371,26.523693435156332,FY23,0.03975639066266496,0.5621059691849751
SAIL,500113,Q4FY24,1.963679961202861,0.5128676404347352,27.021175760296597,FY24,0.05370585777326649,0.6361098764614836
SAIL,500113,Q4FY25,2.014808712460608,-0.17916944160704232,26.875711175811425,FY25,0.04026475576774436,0.6270020801074804
SAIL,500113,Q4FY26,1.3421268011250367,0.5997423564043597,27.161727845034026,FY26,0.04026475576774436,0.6270020801074804
SARDAEN,504614,Q1FY22,0.8235123034417495,0.4851251433508101,23.787018195414518,FY22,,
SARDAEN,504614,Q1FY23,1.0714887794816417,0.7763579586793999,24.065513848245786,FY23,0.17656770515647727,0.42028632759348755
SARDAEN,504614,Q1FY24,1.0172162603224804,0.352845887005828,24.65731471955304,FY24,0.1344943219223173,0.3513413429888084
SARDAEN,504614,Q1FY25,1.4662025216839465,1.0615961885856315,25.124069571212374,FY25,0.11132232443533134,0.4551152243801331
SARDAEN,504614,Q1FY26,1.1299946440087485,0.6598321374407832,25.772077137854765,FY26,0.11132232443533134,0.4551152243801331
SARDAEN,504614,Q2FY22,0.8209881377751649,1.1626750312817926,23.92671045023934,FY22,0.11132232443533134,0.4551152243801331
SARDAEN,504614,Q2FY23,1.051533519006763,0.3542676237761336,24.13541349221504,FY23,0.17656770515647727,0.42028632759348755
SARDAEN,504614,Q2FY24,1.1385555528883613,1.3645461594435244,25.069825558478446,FY24,0.1344943219223173,0.3513413429888084
SARDAEN,504614,Q2FY25,1.4060785037909092,0.7827065190510327,25.771287388102248,FY25,0.11132232443533134,0.4551152243801331
SARDAEN,504614,Q2FY26,1.1870368960553572,0.7294667261880469,25.970681756751205,FY26,0.11132232443533134,0.4551152243801331
SARDAEN,504614,Q3FY22,0.894107224726617,1.326024926516097,24.04928558693744,FY22,0.11132232443533134,0.4551152243801331
SARDAEN,504614,Q3FY23,1.0640265952537988,0.2686905976152499,24.31467814853215,FY23,0.17656770515647727,0.42028632759348755
SARDAEN,504614,Q3FY24,1.3670552694576776,1.6217957557397575,25.209212481648624,FY24,0.1344943219223173,0.3513413429888084
SARDAEN,504614,Q3FY25,1.2211427307979112,0.8643802422684648,25.85700934168963,FY25,0.11132232443533134,0.4551152243801331
SARDAEN,504614,Q3FY26,1.3085209992631022,0.16270236379158723,25.93511022225456,FY26,0.11132232443533134,0.4551152243801331
SARDAEN,504614,Q4FY21,0.5517777191555968,0.12400578903845305,23.386502461052395,FY21,0.11132232443533134,0.4551152243801331
SARDAEN,504614,Q4FY22,1.131054578885691,1.3486735742350404,24.39200168441058,FY22,0.11132232443533134,0.4551152243801331
SARDAEN,504614,Q4FY23,1.021695668511359,0.4099318552276161,24.338950512372826,FY23,0.17656770515647727,0.42028632759348755
SARDAEN,504614,Q4FY24,1.5744900595248277,0.9297827336390445,24.987302086976033,FY24,0.1344943219223173,0.3513413429888084
SARDAEN,504614,Q4FY25,1.1285012110138493,1.1306015069040742,25.919746381156944,FY25,0.11132232443533134,0.4551152243801331
SARDAEN,504614,Q4FY26,1.144031272876623,0.13061189771652995,25.91590871285572,FY26,0.11132232443533134,0.4551152243801331
SBICARD,543066,Q1FY22,0.7521876941576221,0.22641737461758196,27.534816322270483,FY22,,
SBICARD,543066,Q1FY23,1.0058121170819825,-0.26240017259273385,27.304151997828704,FY23,0.22975162893372872,3.2076225451549076
SBICARD,543066,Q1FY24,0.9766253162778364,0.23922313247887933,27.405495516609637,FY24,0.1992613391393434,3.3361966165261094
SBICARD,543066,Q1FY25,0.6265794488907133,-0.21066285659289155,27.252794823341407,FY25,0.13905448666784698,3.2775792861848885
SBICARD,543066,Q1FY26,0.7784008818821222,0.3019546114157767,27.529878169788876,FY26,0.13905448666784698,3.2775792861848885
SBICARD,543066,Q2FY22,0.6838678116598467,0.3373397537924991,27.59403345387697,FY22,0.13905448666784698,3.2775792861848885
SBICARD,543066,Q2FY23,1.0990927568711073,-0.14455023226237096,27.477320240984085,FY23,0.22975162893372872,3.2076225451549076
SBICARD,543066,Q2FY24,0.8768347315805531,-0.10238424092325774,27.33698307520688,FY24,0.1992613391393434,3.3361966165261094
SBICARD,543066,Q2FY25,0.5334920805022759,-0.13844129666803504,27.318359330208263,FY25,0.13905448666784698,3.2775792861848885
SBICARD,543066,Q2FY26,0.9449734580775285,0.10386511596531896,27.44660838045471,FY26,0.13905448666784698,3.2775792861848885
SBICARD,543066,Q3FY22,0.7964382463711133,0.1501437050801108,27.490301227545853,FY22,0.13905448666784698,3.2775792861848885
SBICARD,543066,Q3FY23,1.055441688215236,-0.12449244331357438,27.33900780711135,FY23,0.22975162893372872,3.2076225451549076
SBICARD,543066,Q3FY24,0.840279491738487,-0.07414952728135474,27.296416516429574,FY24,0.1992613391393434,3.3361966165261094
SBICARD,543066,Q3FY25,0.5326453015067059,-0.05352243382157934,27.165231226123804,FY25,0.13905448666784698,3.2775792861848885
SBICARD,543066,Q3FY26,1.0117908157767685,0.257680711535274,27.429065565323246,FY26,0.13905448666784698,3.2775792861848885
SBICARD,543066,Q4FY21,0.4840020994771007,0.2529754384039963,27.49040899561837,FY21,0.13905448666784698,3.2775792861848885
SBICARD,543066,Q4FY22,1.0348600463127917,-0.22936182880073933,27.407271237520163,FY22,0.13905448666784698,3.2775792861848885
SBICARD,543066,Q4FY23,1.033160768774967,-0.05659147100443286,27.270479171061808,FY23,0.22975162893372872,3.2076225451549076
SBICARD,543066,Q4FY24,0.6460803536116774,-0.0316299239269754,27.193010818119333,FY24,0.1992613391393434,3.3361966165261094
SBICARD,543066,Q4FY25,0.5849785837723405,0.14399008860001472,27.451329513257722,FY25,0.13905448666784698,3.2775792861848885
SBICARD,543066,Q4FY26,1.153610198795227,-0.08579577719106132,27.127989028697467,FY26,0.13905448666784698,3.2775792861848885
SCHAEFFLER,505790,Q1FY22,0.3965954927011972,0.13841241447927471,25.862466111024094,FY22,,
SCHAEFFLER,505790,Q1FY23,0.5608237189188716,1.3217988620909404,26.579620910878305,FY23,0.20514011059520754,0.013388086516250963
SCHAEFFLER,505790,Q1FY24,0.5465874786130982,0.4155686773518273,26.889236473873158,FY24,0.18708730893691405,0.010633980875482535
SCHAEFFLER,505790,Q1FY25,0.8140267575263251,0.6153743344694625,27.322780938402467,FY25,0.17600005998766505,0.010409734498343778
SCHAEFFLER,505790,Q1FY26,0.8117084280915086,-0.08506734282886991,27.173116558779537,FY26,0.19020463098300916,0.009039411636320346
SCHAEFFLER,505790,Q2FY22,0.41066718081211606,0.5869289356293497,26.15625497921671,FY22,0.19020463098300916,0.009039411636320346
SCHAEFFLER,505790,Q2FY23,0.6319997041430738,1.2648285110128628,26.917853492589558,FY23,0.20514011059520754,0.013388086516250963
SCHAEFFLER,505790,Q2FY24,0.44025711716185034,0.046199737425722906,26.957052310882403,FY24,0.18708730893691405,0.010633980875482535
SCHAEFFLER,505790,Q2FY25,0.7967934468490205,0.3293507465772486,27.13112153646379,FY25,0.17600005998766505,0.010409734498343778
SCHAEFFLER,505790,Q2FY26,0.8160928337061316,-0.0052948891780759295,27.21224407961314,FY26,0.19020463098300916,0.009039411636320346
SCHAEFFLER,505790,Q3FY22,0.4395535203057526,0.7196291977047394,26.30655302240649,FY22,0.19020463098300916,0.009039411636320346
SCHAEFFLER,505790,Q3FY23,0.5808525951207415,0.8576357610750175,26.761232737107935,FY23,0.20514011059520754,0.013388086516250963
SCHAEFFLER,505790,Q3FY24,0.6042120923331955,-0.06748974215521492,26.922712808305274,FY24,0.18708730893691405,0.010633980875482535
SCHAEFFLER,505790,Q3FY25,0.7915635759003335,0.31075729603655744,26.992118202833094,FY25,0.17600005998766505,0.010409734498343778
SCHAEFFLER,505790,Q3FY26,0.8453232567085005,0.15569882622519907,27.130643943042255,FY26,0.19020463098300916,0.009039411636320346
SCHAEFFLER,505790,Q4FY21,0.28752634947229483,0.12823713867387634,25.82035029942668,FY21,0.19020463098300916,0.009039411636320346
SCHAEFFLER,505790,Q4FY22,0.5566410503967107,0.7511403649046631,26.406731865808265,FY22,0.19020463098300916,0.009039411636320346
SCHAEFFLER,505790,Q4FY23,0.5310970626212766,0.6647157040019942,26.804308703343175,FY23,0.20514011059520754,0.013388086516250963
SCHAEFFLER,505790,Q4FY24,0.8173002397512454,0.09146690175780173,26.792289770651987,FY24,0.18708730893691405,0.010633980875482535
SCHAEFFLER,505790,Q4FY25,0.8363288802828763,0.08040074291502879,26.98344837489882,FY25,0.17600005998766505,0.010409734498343778
SCHAEFFLER,505790,Q4FY26,0.9738701200583486,0.38828583441493064,27.121788153284275,FY26,0.19020463098300916,0.009039411636320346
SHREECEM,500387,Q1FY22,1.1077738211285213,0.1533529689139376,27.602892816233506,FY22,,
SHREECEM,500387,Q1FY23,0.9362349606098013,-0.2205238251573086,27.237396599276053,FY23,0.06818376939752313,0.146201519606791
SHREECEM,500387,Q1FY24,0.6588812128938373,0.18885754781589892,27.472012713408994,FY24,0.1157179760149776,0.07996698050323336
SHREECEM,500387,Q1FY25,0.549671332333996,0.06012010117689283,27.628046576384577,FY25,0.0521303293055217,0.04857192603684229
SHREECEM,500387,Q1FY26,0.8290384073638428,0.16695741856883178,27.73919925948996,FY26,0.0521303293055217,0.04857192603684229
SHREECEM,500387,Q2FY22,1.0721755796148038,0.18363712714558636,27.654573730375258,FY22,0.0521303293055217,0.04857192603684229
SHREECEM,500387,Q2FY23,0.9131491752741008,-0.18386897443555525,27.340801353122263,FY23,0.06818376939752313,0.146201519606791
SHREECEM,500387,Q2FY24,0.6237551413387452,0.13098048234586873,27.536006355027226,FY24,0.1157179760149776,0.07996698050323336
SHREECEM,500387,Q2FY25,0.5640103919681716,0.0866935517677937,27.57236045973899,FY25,0.0521303293055217,0.04857192603684229
SHREECEM,500387,Q2FY26,0.8647685363400118,0.20830817381983843,27.682587651503386,FY26,0.0521303293055217,0.04857192603684229
SHREECEM,500387,Q3FY22,1.001278947087017,0.10003150516006218,27.586050369777027,FY22,0.0521303293055217,0.04857192603684229
SHREECEM,500387,Q3FY23,0.949402590957148,-0.07097346356764728,27.44270439919696,FY23,0.06818376939752313,0.146201519606791
SHREECEM,500387,Q3FY24,0.6002255235877728,0.1266653818341431,27.653970116973127,FY24,0.1157179760149776,0.07996698050323336
SHREECEM,500387,Q3FY25,0.5622771433556631,0.008508120074006349,27.548718519337747,FY25,0.0521303293055217,0.04857192603684229
SHREECEM,500387,Q3FY26,0.8656736631179979,0.06439075826178016,27.588996187861262,FY26,0.0521303293055217,0.04857192603684229
SHREECEM,500387,Q4FY21,1.165171343740628,0.10652889297859414,27.67175640787039,FY21,0.0521303293055217,0.04857192603684229
SHREECEM,500387,Q4FY22,1.0043874850950745,-0.09525615921923097,27.47185829293678,FY22,0.0521303293055217,0.04857192603684229
SHREECEM,500387,Q4FY23,0.7042264792215248,0.06465750121026428,27.561774598117292,FY23,0.06818376939752313,0.146201519606791
SHREECEM,500387,Q4FY24,0.7534037361972842,0.054654271186303234,27.546304683073263,FY24,0.1157179760149776,0.07996698050323336
SHREECEM,500387,Q4FY25,0.6918220143010819,0.06706408589245867,27.722068159866577,FY25,0.0521303293055217,0.04857192603684229
SHREECEM,500387,Q4FY26,0.8685828860763314,-0.04821604514851289,27.445388666926988,FY26,0.0521303293055217,0.04857192603684229
SHYAMMETL,543299,Q1FY22,,,25.3045892798293,FY22,,
SHYAMMETL,543299,Q1FY23,0.9894427879550747,-0.15238453124249762,25.04877854838568,FY23,0.11719140841895777,0.1610371689783891
SHYAMMETL,543299,Q1FY24,0.8030920369139632,-0.016712629621515117,25.316329127113956,FY24,0.10726914054279871,0.06187731103064581
SHYAMMETL,543299,Q1FY25,1.3122901195776528,1.1152983077570877,25.939806475074963,FY25,0.08604866899831617,0.0748038770700812
SHYAMMETL,543299,Q1FY26,1.0018907376987767,0.32355412304822395,26.20872016337604,FY26,0.08604866899831617,0.0748038770700812
SHYAMMETL,543299,Q2FY22,0.6384090195441467,0.04120691661621185,25.30914408330743,FY22,0.08604866899831617,0.0748038770700812
SHYAMMETL,543299,Q2FY23,0.978634455771245,-0.20043675073089728,25.084344475508175,FY23,0.11719140841895777,0.1610371689783891
SHYAMMETL,543299,Q2FY24,0.7178141412690828,0.6070181729515705,25.523376235106124,FY24,0.10726914054279871,0.06187731103064581
SHYAMMETL,543299,Q2FY25,1.4196670562605074,0.7271842862686586,26.24802471557123,FY25,0.08604866899831617,0.0748038770700812
SHYAMMETL,543299,Q2FY26,0.8571710358076727,0.12031929633338592,26.261017360536187,FY26,0.08604866899831617,0.0748038770700812
SHYAMMETL,543299,Q3FY22,0.9732348787849178,-0.16655285594005695,25.24279062166337,FY22,0.08604866899831617,0.0748038770700812
SHYAMMETL,543299,Q3FY23,0.9445302566096339,-0.0485567072949426,25.175422717357193,FY23,0.11719140841895777,0.1610371689783891
SHYAMMETL,543299,Q3FY24,0.961684603093965,0.5419791158946465,25.875646354306646,FY24,0.10726914054279871,0.06187731103064581
SHYAMMETL,543299,Q3FY25,1.4051004936586913,0.8344047428617121,26.029112771825872,FY25,0.08604866899831617,0.0748038770700812
SHYAMMETL,543299,Q3FY26,0.8769486162880173,-0.014481701335692904,26.18642080375042,FY26,0.08604866899831617,0.0748038770700812
SHYAMMETL,543299,Q4FY21,,,,FY21,0.08604866899831617,0.0748038770700812
SHYAMMETL,543299,Q4FY22,1.0178740769226398,-0.17096737921409427,25.304993725256853,FY22,0.08604866899831617,0.0748038770700812
SHYAMMETL,543299,Q4FY23,0.8579682595621816,-0.12659941484351797,24.998888084211465,FY23,0.11719140841895777,0.1610371689783891
SHYAMMETL,543299,Q4FY24,1.0427713411776633,1.2301842591652659,25.815832700235678,FY24,0.10726914054279871,0.06187731103064581
SHYAMMETL,543299,Q4FY25,1.2062804016491913,0.08271841375777403,26.18887841290489,FY25,0.08604866899831617,0.0748038770700812
SHYAMMETL,543299,Q4FY26,0.9324020441118794,0.19636876974514847,26.091770995381975,FY26,0.08604866899831617,0.0748038770700812
SJVN,533206,Q1FY22,0.428823722393191,0.16251619849535454,25.261435625516732,FY22,,
SJVN,533206,Q1FY23,0.6371041986471714,0.07047894344057229,25.278415830572673,FY23,0.09807684814936138,1.0144160628707735
SJVN,533206,Q1FY24,0.7210790142931888,0.3975265848517415,25.750012599587354,FY24,0.0647750491263854,1.444347711758707
SJVN,533206,Q1FY25,2.0119265412338807,2.9090645838946623,26.935872549091993,FY25,0.05780945294509703,1.9060481780705498
SJVN,533206,Q1FY26,1.4942162477527572,-0.3235978324526477,26.683596571425408,FY26,0.05780945294509703,1.9060481780705498
SJVN,533206,Q2FY22,0.42203947147439214,0.11993347392581416,25.28514405642999,FY22,0.05780945294509703,1.9060481780705498
SJVN,533206,Q2FY23,0.5556800109761775,0.2655189220852886,25.43895626827439,FY23,0.09807684814936138,1.0144160628707735
SJVN,533206,Q2FY24,1.1841075382657706,1.3180577115046825,26.339007765289004,FY24,0.0647750491263854,1.444347711758707
SJVN,533206,Q2FY25,1.8695317911330742,1.4134456947414882,26.947478369287953,FY25,0.05780945294509703,1.9060481780705498
SJVN,533206,Q2FY26,1.4735540573687103,-0.27835843915234887,26.579788992023722,FY26,0.05780945294509703,1.9060481780705498
SJVN,533206,Q3FY22,0.5262049705709326,0.20576547882937923,25.370229480547835,FY22,0.05780945294509703,1.9060481780705498
SJVN,533206,Q3FY23,0.6473822820830185,0.47689599035991376,25.53704393770014,FY23,0.09807684814936138,1.0144160628707735
SJVN,533206,Q3FY24,1.337176310552914,1.4011039894815733,26.55680528911263,FY24,0.0647750491263854,1.444347711758707
SJVN,533206,Q3FY25,1.838142213780632,0.5345312415908724,26.709145903017955,FY25,0.05780945294509703,1.9060481780705498
SJVN,533206,Q3FY26,1.4356232489993572,-0.2992591456962786,26.39071311641087,FY26,0.05780945294509703,1.9060481780705498
SJVN,533206,Q4FY21,0.38920792970337437,0.08586685624782217,25.19282675411656,FY21,0.05780945294509703,1.9060481780705498
SJVN,533206,Q4FY22,0.690834669761518,0.15579032953061514,25.29865579990602,FY22,0.05780945294509703,1.9060481780705498
SJVN,533206,Q4FY23,0.6676766174197047,0.14981879102160373,25.542937267113214,FY23,0.09807684814936138,1.0144160628707735
SJVN,533206,Q4FY24,1.8912480372752407,2.8436282673348043,26.854968441094524,FY24,0.0647750491263854,1.444347711758707
SJVN,533206,Q4FY25,1.6849226663957646,-0.2533691920337517,26.59046241338252,FY25,0.05780945294509703,1.9060481780705498
SJVN,533206,Q4FY26,1.2984738595448666,-0.1338509750644497,26.240528025829423,FY26,0.05780945294509703,1.9060481780705498
SOBHA,532784,Q1FY22,1.0958081790360414,0.22166155083679548,24.62399700726127,FY22,,
SOBHA,532784,Q1FY23,1.1677320583604311,0.17386638141629923,24.832873064081173,FY23,0.041771039147045844,0.8124638479382652
SOBHA,532784,Q1FY24,0.8163943318263538,0.04076647683704164,24.76521824795043,FY24,0.019535224500153932,0.7715496838995193
SOBHA,532784,Q1FY25,1.3863716577622784,2.6041889746911226,26.062916790727325,FY25,0.020762169811858595,0.2595023446959614
SOBHA,532784,Q1FY26,1.253743655086155,-0.262675916821609,25.775696162434073,FY26,0.020762169811858595,0.2595023446959614
SOBHA,532784,Q2FY22,1.2221005732188637,0.5427543113808362,25.14678723900652,FY22,0.020762169811858595,0.2595023446959614
SOBHA,532784,Q2FY23,1.0674737133079342,0.19983006754873053,24.94963262827826,FY23,0.041771039147045844,0.8124638479382652
SOBHA,532784,Q2FY24,0.8378747573113123,-0.13679114607622045,25.043047028248996,FY24,0.019535224500153932,0.7715496838995193
SOBHA,532784,Q2FY25,1.191467581644598,1.9185655352201871,26.05618915208393,FY25,0.020762169811858595,0.2595023446959614
SOBHA,532784,Q2FY26,1.44812823331633,-0.14709649609757486,25.828023503376865,FY26,0.020762169811858595,0.2595023446959614
SOBHA,532784,Q3FY22,1.1896342398104953,1.0914654214512576,25.27227065162803,FY22,0.020762169811858595,0.2595023446959614
SOBHA,532784,Q3FY23,1.030046682278608,-0.24304971219507404,24.83550148251232,FY23,0.041771039147045844,0.8124638479382652
SOBHA,532784,Q3FY24,1.1895163950056467,0.4466478257343902,25.377279755265466,FY24,0.019535224500153932,0.7715496838995193
SOBHA,532784,Q3FY25,1.1620266257012801,0.9090359482576081,25.84862900831347,FY25,0.020762169811858595,0.2595023446959614
SOBHA,532784,Q3FY26,1.4262487959474426,-0.054097563510591695,25.773224437184325,FY26,0.020762169811858595,0.2595023446959614
SOBHA,532784,Q4FY21,0.7768929551445978,0.081476946320555,24.548851650499373,FY21,0.020762169811858595,0.2595023446959614
SOBHA,532784,Q4FY22,1.3025543972564697,0.7356456789982969,25.037035069495484,FY22,0.020762169811858595,0.2595023446959614
SOBHA,532784,Q4FY23,0.9505576442424468,-0.24667171862410175,24.544399752105374,FY23,0.041771039147045844,0.8124638479382652
SOBHA,532784,Q4FY24,1.492356117047995,1.8173732361363204,25.762384088609256,FY24,0.019535224500153932,0.7715496838995193
SOBHA,532784,Q4FY25,1.135971833338841,-0.14196958732213905,25.596031765271714,FY25,0.020762169811858595,0.2595023446959614
SOBHA,532784,Q4FY26,1.2613127752462878,0.2637654104340344,25.567033598448177,FY26,0.020762169811858595,0.2595023446959614
SOLARINDS,532725,Q1FY22,0.6487168421632075,0.36748713627205926,25.67922757822898,FY22,,
SOLARINDS,532725,Q1FY23,0.6114042645874507,0.9721443620405199,26.234997437896133,FY23,0.29007332378157635,0.4576760115540504
SOLARINDS,532725,Q1FY24,0.5258317493541712,0.4591417975671514,26.546332373177336,FY24,0.25288298644724105,0.4137070425943853
SOLARINDS,532725,Q1FY25,0.8940376428173751,1.460738396628595,27.5318294794648,FY25,0.27572873967818273,0.3122329778357355
SOLARINDS,532725,Q1FY26,0.8860727911723014,0.6104180672597358,28.095692659824167,FY26,0.27572873967818273,0.3122329778357355
SOLARINDS,532725,Q2FY22,0.6522283970073428,0.6061108685080256,25.97278889994085,FY22,0.27572873967818273,0.3122329778357355
SOLARINDS,532725,Q2FY23,0.6321764927114955,0.9617039659957412,26.590382068079162,FY23,0.29007332378157635,0.4576760115540504
SOLARINDS,532725,Q2FY24,0.4662052518330728,0.42758369122186596,26.79994040629172,FY24,0.25288298644724105,0.4137070425943853
SOLARINDS,532725,Q2FY25,1.0011249145944525,1.4690312639312633,27.672846677434457,FY25,0.27572873967818273,0.3122329778357355
SOLARINDS,532725,Q2FY26,0.9771441177038376,0.3443340556712701,27.81822280625158,FY26,0.27572873967818273,0.3122329778357355
SOLARINDS,532725,Q3FY22,0.8055207894354798,1.5691163162505688,26.10658281925389,FY22,0.27572873967818273,0.3122329778357355
SOLARINDS,532725,Q3FY23,0.5017985425674885,0.49858090327495747,26.70319393607373,FY23,0.29007332378157635,0.4576760115540504
SOLARINDS,532725,Q3FY24,0.24847432502426692,0.7007009262271248,27.133370126027412,FY24,0.25288298644724105,0.4137070425943853
SOLARINDS,532725,Q3FY25,1.0923877479097004,0.5365653432804008,27.50858422630265,FY25,0.27572873967818273,0.3122329778357355
SOLARINDS,532725,Q3FY26,1.0934160764401228,0.29537190797613244,27.734194981081764,FY26,0.27572873967818273,0.3122329778357355
SOLARINDS,532725,Q4FY21,0.3290433112395289,0.19362369163503598,25.467571423401015,FY21,0.27572873967818273,0.3122329778357355
SOLARINDS,532725,Q4FY22,0.8347626243887463,0.8151508271305181,26.250543703160492,FY22,0.27572873967818273,0.3122329778357355
SOLARINDS,532725,Q4FY23,0.46995783588892015,0.6904351754209336,26.558132528286624,FY23,0.29007332378157635,0.4576760115540504
SOLARINDS,532725,Q4FY24,0.3670366354484124,0.862481145729973,27.399842264437403,FY24,0.25288298644724105,0.4137070425943853
SOLARINDS,532725,Q4FY25,1.1928963927198375,0.34622553912871745,27.64774211731927,FY25,0.27572873967818273,0.3122329778357355
SOLARINDS,532725,Q4FY26,0.9458997001169851,0.5691383696028137,27.71972580395583,FY26,0.27572873967818273,0.3122329778357355
SONACOMS,543300,Q1FY22,,,26.06092317544073,FY22,,
SONACOMS,543300,Q1FY23,1.2451760572312458,0.5852312176132783,26.544593240965547,FY23,0.17260370273338574,0.12889267312898436
SONACOMS,543300,Q1FY24,0.8238967642784807,0.019782160661191553,26.47946344586323,FY24,0.19517093733303953,0.15550263967327818
SONACOMS,543300,Q1FY25,0.6765453317328989,0.21583512394715904,26.701456837573353,FY25,0.10941549873789076,0.03680518019862524
SONACOMS,543300,Q1FY26,1.1319908565024028,-0.13234200109584657,26.418211908995556,FY26,0.10941549873789076,0.03680518019862524
SONACOMS,543300,Q2FY22,0.3057063532488102,0.3845513898231762,26.54573397155809,FY22,0.10941549873789076,0.03680518019862524
SONACOMS,543300,Q2FY23,1.1817068705686817,0.12046166424436781,26.367135370763744,FY23,0.17260370273338574,0.12889267312898436
SONACOMS,543300,Q2FY24,0.7938141528881133,0.10463240056872293,26.602520578955183,FY24,0.19517093733303953,0.15550263967327818
SONACOMS,543300,Q2FY25,0.7878799515973646,0.21129775796168632,26.849661696125562,FY25,0.10941549873789076,0.03680518019862524
SONACOMS,543300,Q2FY26,1.116748356542536,-0.35860512146229184,26.265377044447522,FY26,0.10941549873789076,0.03680518019862524
SONACOMS,543300,Q3FY22,1.0753115958477004,1.1011902173476094,26.83667168601136,FY22,0.10941549873789076,0.03680518019862524
SONACOMS,543300,Q3FY23,1.1913024780540113,-0.3632461542163583,26.266853290554394,FY23,0.17260370273338574,0.12889267312898436
SONACOMS,543300,Q3FY24,0.7672110262135572,0.2798061279250265,26.70212229149096,FY24,0.19517093733303953,0.15550263967327818
SONACOMS,543300,Q3FY25,0.8008558105761954,0.16498565209210117,26.62665261476697,FY25,0.10941549873789076,0.03680518019862524
SONACOMS,543300,Q3FY26,1.2704840572946159,-0.24231014653285,26.417495986711042,FY26,0.10941549873789076,0.03680518019862524
SONACOMS,543300,Q4FY21,,,,FY21,0.10941549873789076,0.03680518019862524
SONACOMS,543300,Q4FY22,1.3650754898847894,0.7631850203427037,26.747717404320653,FY22,0.10941549873789076,0.03680518019862524
SONACOMS,543300,Q4FY23,0.871782407587662,-0.294168297023247,26.255329058741275,FY23,0.17260370273338574,0.12889267312898436
SONACOMS,543300,Q4FY24,0.9259565472093935,0.4474308266865458,26.79562200499303,FY24,0.19517093733303953,0.15550263967327818
SONACOMS,543300,Q4FY25,0.7315422480357352,-0.20023921158179886,26.375449049309907,FY25,0.10941549873789076,0.03680518019862524
SONACOMS,543300,Q4FY26,1.3482117172534132,0.07705475859099521,26.42511069408362,FY26,0.10941549873789076,0.03680518019862524
SRF,503806,Q1FY22,0.6665528765802394,0.15853820902104818,26.774746060648912,FY22,,
SRF,503806,Q1FY23,1.343497765049933,0.850398284448129,27.214818811511822,FY23,0.20938602989237004,0.43357299519223785
SRF,503806,Q1FY24,0.9022095862708175,0.1304487710140692,27.234344241479196,FY24,0.11636097855043374,0.4382377589724558
SRF,503806,Q1FY25,0.9020314400162144,-0.07508016712253372,27.299648086977562,FY25,0.09906226734884604,0.3743034325450254
SRF,503806,Q1FY26,0.8881268197588839,0.2531345911925408,27.5881270828977,FY26,0.09906226734884604,0.3743034325450254
SRF,503806,Q2FY22,0.7677603704738922,0.7935097011341625,27.214486945453604,FY22,0.09906226734884604,0.3743034325450254
SRF,503806,Q2FY23,1.2429073838489857,0.4760465656005034,27.322078851610147,FY23,0.20938602989237004,0.43357299519223785
SRF,503806,Q2FY24,0.8482097772240241,-0.001829601118359688,27.218356144373825,FY24,0.11636097855043374,0.4382377589724558
SRF,503806,Q2FY25,0.9647665575963338,0.12928157968529233,27.326112006593565,FY25,0.09906226734884604,0.3743034325450254
SRF,503806,Q2FY26,0.9023138776731854,0.13677847072346028,27.451228015702295,FY26,0.09906226734884604,0.3743034325450254
SRF,503806,Q3FY22,0.9249842214246152,0.8481210765660725,27.284782271045326,FY22,0.09906226734884604,0.3743034325450254
SRF,503806,Q3FY23,1.2196400837469956,0.15100294370489858,27.233113784039162,FY23,0.20938602989237004,0.43357299519223785
SRF,503806,Q3FY24,0.8901362398853703,0.030860941945799053,27.31564858192667,FY24,0.11636097855043374,0.4382377589724558
SRF,503806,Q3FY25,0.9503464798818585,-0.024672828908050268,27.21624182074822,FY25,0.09906226734884604,0.3743034325450254
SRF,503806,Q3FY26,0.8896684435668838,0.31135306446963645,27.536520156326898,FY26,0.09906226734884604,0.3743034325450254
SRF,503806,Q4FY21,0.7948767462143673,-0.03941811808311224,26.478603093017277,FY21,0.09906226734884604,0.3743034325450254
SRF,503806,Q4FY22,1.2027206585460304,1.2328512388563364,27.388485482836828,FY22,0.09906226734884604,0.3743034325450254
SRF,503806,Q4FY23,1.0047590581309849,-0.09225098719910368,27.286426802374255,FY23,0.20938602989237004,0.43357299519223785
SRF,503806,Q4FY24,0.9450202439239412,0.06785544076445083,27.34937506693475,FY24,0.11636097855043374,0.4382377589724558
SRF,503806,Q4FY25,0.8493911914249752,0.16454980290024884,27.490026241452224,FY25,0.09906226734884604,0.3743034325450254
SRF,503806,Q4FY26,1.1400355176356385,-0.04302668833534129,27.306237512980893,FY26,0.09906226734884604,0.3743034325450254
SUMICHEM,542920,Q1FY22,0.5953936212448662,0.03818636238639805,25.96092361954026,FY22,,
SUMICHEM,542920,Q1FY23,0.7029088922389852,0.46836816078809773,26.056370710504922,FY23,0.21085448698032563,0.014263282083147897
SUMICHEM,542920,Q1FY24,0.2716345199563147,-0.05594428762101515,26.08673002714315,FY24,0.1513540279664658,0.012389174657095218
SUMICHEM,542920,Q1FY25,0.6511809634610162,0.2757481822333063,26.198379033821595,FY25,0.17424017069122708,0.01788707562014308
SUMICHEM,542920,Q1FY26,0.8096352360818895,0.15297385993350435,26.29849789740508,FY26,0.17424017069122708,0.01788707562014308
SUMICHEM,542920,Q2FY22,0.6496923545335396,0.385556466553371,26.003108716231235,FY22,0.17424017069122708,0.01788707562014308
SUMICHEM,542920,Q2FY23,0.5955270805485038,0.228942373317721,26.22889078978636,FY23,0.21085448698032563,0.014263282083147897
SUMICHEM,542920,Q2FY24,0.37316595665137775,-0.05700883007324589,26.057289856633602,FY24,0.1513540279664658,0.012389174657095218
SUMICHEM,542920,Q2FY25,0.6391216720804538,0.26702021017123384,26.348582130890303,FY25,0.17424017069122708,0.01788707562014308
SUMICHEM,542920,Q2FY26,0.9077185659762599,0.07736714911385303,26.307399024539393,FY26,0.17424017069122708,0.01788707562014308
SUMICHEM,542920,Q3FY22,0.6411526900539664,0.20713198529811436,25.96225042155215,FY22,0.17424017069122708,0.01788707562014308
SUMICHEM,542920,Q3FY23,0.6022060004210212,0.2799377084119635,26.199125146089926,FY23,0.21085448698032563,0.014263282083147897
SUMICHEM,542920,Q3FY24,0.4398916183877852,-0.13814227629864534,26.01287582816671,FY24,0.1513540279664658,0.012389174657095218
SUMICHEM,542920,Q3FY25,0.716734779118251,0.45305885409010527,26.304334391728894,FY25,0.17424017069122708,0.01788707562014308
SUMICHEM,542920,Q3FY26,0.8093503837131519,-0.12745045501655278,26.18326676120435,FY26,0.17424017069122708,0.01788707562014308
SUMICHEM,542920,Q4FY21,0.3826282355985602,-0.04338663500173241,25.67673064808384,FY21,0.17424017069122708,0.01788707562014308
SUMICHEM,542920,Q4FY22,0.8081826728506818,0.2616032106098453,26.112192294692683,FY22,0.17424017069122708,0.01788707562014308
SUMICHEM,542920,Q4FY23,0.42150364624687664,0.21806438539842515,26.06307404218622,FY23,0.21085448698032563,0.014263282083147897
SUMICHEM,542920,Q4FY24,0.7087987918126403,-0.11273423629525305,25.87607673879179,FY24,0.1513540279664658,0.012389174657095218
SUMICHEM,542920,Q4FY25,0.8086353607665542,0.25819701308774795,26.35315137736821,FY25,0.17424017069122708,0.01788707562014308
SUMICHEM,542920,Q4FY26,0.8239209320982326,-0.15752091451294542,25.926798068510546,FY26,0.17424017069122708,0.01788707562014308
SUNDRMFAST,500403,Q1FY22,0.41669902054589636,0.5097440357147974,25.82541808275448,FY22,,
SUNDRMFAST,500403,Q1FY23,0.7010907432227413,-0.0077044106458259935,25.72359981722966,FY23,0.16403765614067667,0.24216187896051014
SUNDRMFAST,500403,Q1FY24,0.3861773132627919,0.5566235677429164,26.250636957625243,FY24,0.1525054593610136,0.18900644014581683
SUNDRMFAST,500403,Q1FY25,0.33449312370455375,0.06938718946057397,26.362307212120545,FY25,0.14148455112576142,0.21611889846232984
SUNDRMFAST,500403,Q1FY26,0.4924638937602266,-0.10549088039265665,26.10454047927368,FY26,0.14148455112576142,0.21611889846232984
SUNDRMFAST,500403,Q2FY22,0.45610081859729823,0.5300133804416683,25.94881200499382,FY22,0.14148455112576142,0.21611889846232984
SUNDRMFAST,500403,Q2FY23,0.6767733860598427,0.09165616320385145,25.94991121119399,FY23,0.16403765614067667,0.24216187896051014
SUNDRMFAST,500403,Q2FY24,0.27865940421743035,0.49679889503532115,26.285559676029347,FY24,0.1525054593610136,0.18900644014581683
SUNDRMFAST,500403,Q2FY25,0.3430456904904854,0.09689478788339799,26.376361053451934,FY25,0.14148455112576142,0.21611889846232984
SUNDRMFAST,500403,Q2FY26,0.5492869020973841,-0.25133913340771424,26.06545081257587,FY26,0.14148455112576142,0.21611889846232984
SUNDRMFAST,500403,Q3FY22,0.5244432813097818,0.6508623584343702,25.94656869649348,FY22,0.14148455112576142,0.21611889846232984
SUNDRMFAST,500403,Q3FY23,0.6573602458385772,0.13943208941930596,26.022720284092244,FY23,0.16403765614067667,0.24216187896051014
SUNDRMFAST,500403,Q3FY24,0.18050653396957844,0.385104785334186,26.27870272385416,FY24,0.1525054593610136,0.18900644014581683
SUNDRMFAST,500403,Q3FY25,0.3029683909035421,-0.05781509968808023,26.119987243043635,FY25,0.14148455112576142,0.21611889846232984
SUNDRMFAST,500403,Q3FY26,0.6439983322524322,-0.15769037525076088,26.003401341416435,FY26,0.14148455112576142,0.21611889846232984
SUNDRMFAST,500403,Q4FY21,0.15551099270412355,0.3708163087679354,25.810597926561318,FY21,0.14148455112576142,0.21611889846232984
SUNDRMFAST,500403,Q4FY22,0.785932323715159,0.20001344020471562,25.939738546249636,FY22,0.14148455112576142,0.21611889846232984
SUNDRMFAST,500403,Q4FY23,0.5401553702159173,0.21005766563641048,26.02918282318977,FY23,0.16403765614067667,0.24216187896051014
SUNDRMFAST,500403,Q4FY24,0.3175353479648493,0.11292594768578683,26.145914479780572,FY24,0.1525054593610136,0.18900644014581683
SUNDRMFAST,500403,Q4FY25,0.4618735942362381,-0.10512803312993528,25.97161831857886,FY25,0.14148455112576142,0.21611889846232984
SUNDRMFAST,500403,Q4FY26,0.5446739929703343,-0.037209968017440934,25.78203490830373,FY26,0.14148455112576142,0.21611889846232984
SUNPHARMA,524715,Q1FY22,0.6421977569334604,0.13528905759172066,28.06443679566929,FY22,,
SUNPHARMA,524715,Q1FY23,0.6987638527313179,0.21243884882325392,28.2816969192613,FY23,0.15132641300050112,0.12297210948474678
SUNPHARMA,524715,Q1FY24,0.4505315830624027,0.08197906804504612,28.528374621614148,FY24,0.15041414867258027,0.05141883322142248
SUNPHARMA,524715,Q1FY25,0.48434161231630357,0.605594617340704,28.906546111437134,FY25,0.15133397453987246,0.03270914932311908
SUNPHARMA,524715,Q1FY26,0.5723289013845847,0.13880546208741346,29.012682507621257,FY26,0.15133397453987246,0.03270914932311908
SUNPHARMA,524715,Q2FY22,0.655671920721715,0.3469211847911863,28.25885665876553,FY22,0.15133397453987246,0.03270914932311908
SUNPHARMA,524715,Q2FY23,0.6730010420610824,0.15918018031882186,28.417866333791608,FY23,0.15132641300050112,0.12297210948474678
SUNPHARMA,524715,Q2FY24,0.39555190730565315,0.27950491957455886,28.62884811226111,FY24,0.15041414867258027,0.05141883322142248
SUNPHARMA,524715,Q2FY25,0.46968406098036003,0.6193881600705545,29.1462515724315,FY25,0.15133397453987246,0.03270914932311908
SUNPHARMA,524715,Q2FY26,0.6291301282311516,-0.11819671641482832,28.966172717040166,FY26,0.15133397453987246,0.03270914932311908
SUNPHARMA,524715,Q3FY22,0.7183656888541372,0.29976480666226824,28.291853561327,FY22,0.15133397453987246,0.03270914932311908
SUNPHARMA,524715,Q3FY23,0.5987429162771241,0.3790830213046929,28.471980786330537,FY23,0.15132641300050112,0.12297210948474678
SUNPHARMA,524715,Q3FY24,0.4376398279487397,0.20335642928642136,28.71226753135928,FY24,0.15041414867258027,0.05141883322142248
SUNPHARMA,524715,Q3FY25,0.4812044632015572,0.5124004585370945,29.12508658363541,FY25,0.15133397453987246,0.03270914932311908
SUNPHARMA,524715,Q3FY26,0.6946578592729511,0.03558032857881793,29.041887740943583,FY26,0.15133397453987246,0.03270914932311908
SUNPHARMA,524715,Q4FY21,0.7267516840037227,0.005950297059199359,27.942313738736672,FY21,0.15133397453987246,0.03270914932311908
SUNPHARMA,524715,Q4FY22,0.6632579151800851,0.4325550241584732,28.37819948573038,FY22,0.15133397453987246,0.03270914932311908
SUNPHARMA,524715,Q4FY23,0.5354845883882865,0.1507843754604452,28.46101748004128,FY23,0.15132641300050112,0.12297210948474678
SUNPHARMA,524715,Q4FY24,0.4712419631122083,0.5786250385108157,28.97004246760609,FY24,0.15041414867258027,0.05141883322142248
SUNPHARMA,524715,Q4FY25,0.5599584930392458,0.05834303802503529,29.0472859295229,FY25,0.15133397453987246,0.03270914932311908
SUNPHARMA,524715,Q4FY26,0.5920131131782514,0.04695879529142721,29.069934324383,FY26,0.15133397453987246,0.03270914932311908
SUPREMEIND,509930,Q1FY22,0.17884473117528865,0.32965850202169983,26.301701461110397,FY22,,
SUPREMEIND,509930,Q1FY23,0.6294807092295956,-0.15669789287879982,26.111556070336903,FY23,0.1965711975139251,0.011623944826583556
SUPREMEIND,509930,Q1FY24,0.6735879349969749,0.6268119402778721,26.71407600197328,FY24,0.209386493580722,0.010777418704478325
SUPREMEIND,509930,Q1FY25,0.7315403752490712,0.9868728518719503,27.341430178832052,FY25,0.16975358806029214,0.013391185137551144
SUPREMEIND,509930,Q1FY26,1.236131500223,-0.23790039992933867,27.044423199374446,FY26,0.16975358806029214,0.013391185137551144
SUPREMEIND,509930,Q2FY22,0.24341429611811372,0.30535325761524434,26.3774005114138,FY22,0.16975358806029214,0.013391185137551144
SUPREMEIND,509930,Q2FY23,0.6516736285103278,-0.019730728131814076,26.300074741128373,FY23,0.1965711975139251,0.011623944826583556
SUPREMEIND,509930,Q2FY24,0.4129948517155667,1.3971072635818993,26.96786156154084,FY24,0.209386493580722,0.010777418704478325
SUPREMEIND,509930,Q2FY25,0.864122467728863,0.2207521241445432,27.228831217674674,FY25,0.16975358806029214,0.013391185137551144
SUPREMEIND,509930,Q2FY26,1.3158451944761738,-0.14183298691542462,27.004515483124994,FY26,0.16975358806029214,0.013391185137551144
SUPREMEIND,509930,Q3FY22,0.4717145583383099,0.4360599425232543,26.33371694900111,FY22,0.16975358806029214,0.013391185137551144
SUPREMEIND,509930,Q3FY23,0.6016699434466339,0.16095128400014247,26.44114984298189,FY23,0.1965711975139251,0.011623944826583556
SUPREMEIND,509930,Q3FY24,0.40893745686635286,0.8409631117620235,27.067040626371213,FY24,0.209386493580722,0.010777418704478325
SUPREMEIND,509930,Q3FY25,0.9567060901354928,0.11485214229715926,27.10703611722857,FY25,0.16975358806029214,0.013391185137551144
SUPREMEIND,509930,Q3FY26,1.316734259234969,-0.26452056482289626,26.777758521719278,FY26,0.16975358806029214,0.013391185137551144
SUPREMEIND,509930,Q4FY21,0.13372592981348708,0.201724832600627,26.236039948263738,FY21,0.16975358806029214,0.013391185137551144
SUPREMEIND,509930,Q4FY22,0.6136671568099421,0.06298076489525725,26.24870410905948,FY22,0.16975358806029214,0.013391185137551144
SUPREMEIND,509930,Q4FY23,0.5661312192428027,0.36012022458158405,26.466737617178246,FY23,0.1965711975139251,0.011623944826583556
SUPREMEIND,509930,Q4FY24,0.622949145475329,0.5704262097896965,26.996186054618324,FY24,0.209386493580722,0.010777418704478325
SUPREMEIND,509930,Q4FY25,1.117272157203211,-0.11548923476186809,26.79082297488532,FY25,0.16975358806029214,0.013391185137551144
SUPREMEIND,509930,Q4FY26,1.1046469500390048,0.11571249475396056,26.888112820787477,FY26,0.16975358806029214,0.013391185137551144
SYNGENE,539268,Q1FY22,0.4453793415719133,-0.07622367418628903,26.17292563162815,FY22,,
SYNGENE,539268,Q1FY23,0.7674556859995161,-0.09423633418254297,26.124523342451933,FY23,0.12835820895522387,0.22531785516860145
SYNGENE,539268,Q1FY24,0.3475694457905807,0.37568464644293564,26.44759380538065,FY24,0.11978298142189445,0.13039904173614864
SYNGENE,539268,Q1FY25,0.5348093969378025,-0.010529340498351863,26.37467216484327,FY25,0.10497588220360497,0.12226030295337226
SYNGENE,539268,Q1FY26,0.7965985294743758,-0.040252752543757056,26.271092988965478,FY26,0.10497588220360497,0.12226030295337226
SYNGENE,539268,Q2FY22,0.4102764226785836,0.014232555182513734,26.200987121286403,FY22,0.10497588220360497,0.12226030295337226
SYNGENE,539268,Q2FY23,0.7310741469734349,-0.023047579463128576,26.13501319843235,FY23,0.12835820895522387,0.22531785516860145
SYNGENE,539268,Q2FY24,0.43816979698521963,0.2636819788014112,26.497438481598437,FY24,0.11978298142189445,0.13039904173614864
SYNGENE,539268,Q2FY25,0.5349589770561738,0.08337557589892743,26.610022675121794,FY25,0.10497588220360497,0.12226030295337226
SYNGENE,539268,Q2FY26,0.8428057892476541,-0.22984147814691505,26.245650683279294,FY26,0.10497588220360497,0.12226030295337226
SYNGENE,539268,Q3FY22,0.44217664991286165,-0.06831653706667348,26.233782328691067,FY22,0.10497588220360497,0.12226030295337226
SYNGENE,539268,Q3FY23,0.6996692467838082,0.034142621621252034,26.178557140928515,FY23,0.12835820895522387,0.22531785516860145
SYNGENE,539268,Q3FY24,0.5749272402948319,0.2480346043350294,26.360802317700895,FY24,0.11978298142189445,0.13039904173614864
SYNGENE,539268,Q3FY25,0.5560456813543512,0.29796462845466903,26.56453568811685,FY25,0.10497588220360497,0.12226030295337226
SYNGENE,539268,Q3FY26,0.9340086650390402,-0.2898067531887013,26.289854645353103,FY26,0.10497588220360497,0.12226030295337226
SYNGENE,539268,Q4FY21,0.3930213868058483,-0.11575867930784672,26.10216188409667,FY21,0.10497588220360497,0.12226030295337226
SYNGENE,539268,Q4FY22,0.59029145312236,-0.02475242156124504,26.197145658703654,FY22,0.10497588220360497,0.12226030295337226
SYNGENE,539268,Q4FY23,0.6076531245228152,0.06020158117156747,26.193726391181823,FY23,0.12835820895522387,0.22531785516860145
SYNGENE,539268,Q4FY24,0.8164105472517145,0.28842539996496125,26.362369271465557,FY24,0.11978298142189445,0.13039904173614864
SYNGENE,539268,Q4FY25,0.5689668878242624,-0.0860682517113074,26.397232741082234,FY25,0.10497588220360497,0.12226030295337226
SYNGENE,539268,Q4FY26,0.9394118083672516,-0.37972441441599525,25.77723528347903,FY26,0.10497588220360497,0.12226030295337226
SYRMA,543573,Q1FY22,,,,FY22,,
SYRMA,543573,Q1FY23,,,,FY23,0.07746653526181638,0.2432833553423473
SYRMA,543573,Q1FY24,0.7462145133264901,0.26457327294224936,25.172643748793007,FY24,0.06655554232646743,0.39060205580029367
SYRMA,543573,Q1FY25,0.9587728549286945,0.49623998788368634,25.279445680497037,FY25,0.09707113974916055,0.379779812613288
SYRMA,543573,Q1FY26,1.6186968088392883,0.12955193918046157,25.415118393722096,FY26,0.09707113974916055,0.379779812613288
SYRMA,543573,Q2FY22,,,,FY22,0.09707113974916055,0.379779812613288
SYRMA,543573,Q2FY23,,,24.710689851400065,FY23,0.07746653526181638,0.2432833553423473
SYRMA,543573,Q2FY24,0.7320421193967445,0.7487923566990046,25.48701589849894,FY24,0.06655554232646743,0.39060205580029367
SYRMA,543573,Q2FY25,1.1313113480931056,-0.06504057698200111,25.126024814631815,FY25,0.09707113974916055,0.379779812613288
SYRMA,543573,Q2FY26,1.5764238072244376,0.7392075606293307,25.719263941828412,FY26,0.09707113974916055,0.379779812613288
SYRMA,543573,Q3FY22,,,,FY22,0.09707113974916055,0.379779812613288
SYRMA,543573,Q3FY23,0.6415781588082339,-0.08309174521748688,24.70589445807248,FY23,0.07746653526181638,0.2432833553423473
SYRMA,543573,Q3FY24,0.7169214074095658,0.9138387032665642,25.579624849611918,FY24,0.06655554232646743,0.39060205580029367
SYRMA,543573,Q3FY25,1.1676977151157986,0.055772321660197285,25.45478315240539,FY25,0.09707113974916055,0.379779812613288
SYRMA,543573,Q3FY26,1.701729419106412,0.49213212073569085,25.673606084924877,FY26,0.09707113974916055,0.379779812613288
SYRMA,543573,Q4FY21,,,,FY21,0.09707113974916055,0.379779812613288
SYRMA,543573,Q4FY22,,,,FY22,0.09707113974916055,0.379779812613288
SYRMA,543573,Q4FY23,0.6788859057724952,-0.1452496522835534,24.638515167745986,FY23,0.07746653526181638,0.2432833553423473
SYRMA,543573,Q4FY24,0.7634021363640847,0.9863786889593064,25.21375285637322,FY24,0.06655554232646743,0.39060205580029367
SYRMA,543573,Q4FY25,1.3930307835982787,-0.16641755751168902,25.20541544051787,FY25,0.09707113974916055,0.379779812613288
SYRMA,543573,Q4FY26,1.6675691014840903,0.9558553831904547,25.726664106948554,FY26,0.09707113974916055,0.379779812613288
TATACHEM,500770,Q1FY22,0.997843099684619,0.4718199749815216,25.88371493261168,FY22,,
TATACHEM,500770,Q1FY23,1.3511509052051567,0.3850383029158896,25.989319556108637,FY23,0.11748897114750774,0.3192535875462705
TATACHEM,500770,Q1FY24,0.9595972351764064,0.06902187133122054,26.239863500873046,FY24,0.012049817903871229,0.250123645519536
TATACHEM,500770,Q1FY25,1.1951186958131377,0.10841267403402972,26.350177220001868,FY25,0.010882652588682042,0.32749837917940167
TATACHEM,500770,Q1FY26,0.9978240035012369,-0.17059050214311308,26.198127579504224,FY26,0.010882652588682042,0.32749837917940167
TATACHEM,500770,Q2FY22,0.9970321751969912,0.7837010516845331,26.122812426608473,FY22,0.010882652588682042,0.32749837917940167
TATACHEM,500770,Q2FY23,1.3046460182239121,0.39728083657334384,26.320429539140243,FY23,0.11748897114750774,0.3192535875462705
TATACHEM,500770,Q2FY24,1.0552956440519232,-0.015135799435823242,26.269187610927716,FY24,0.012049817903871229,0.250123645519536
TATACHEM,500770,Q2FY25,1.2014250439829357,0.09911059289168642,26.339239184118494,FY25,0.010882652588682042,0.32749837917940167
TATACHEM,500770,Q2FY26,1.02741666948685,-0.12519337095670746,26.180028460262296,FY26,0.010882652588682042,0.32749837917940167
TATACHEM,500770,Q3FY22,1.206317474584922,0.9005872154236699,26.095129364201064,FY22,0.010882652588682042,0.32749837917940167
TATACHEM,500770,Q3FY23,1.1811175936023912,0.24555587282117672,26.15589842412949,FY23,0.11748897114750774,0.3192535875462705
TATACHEM,500770,Q3FY24,1.0901931410275552,-0.047467344550620745,26.337495002437333,FY24,0.012049817903871229,0.250123645519536
TATACHEM,500770,Q3FY25,1.1555462556298624,0.1791984873799001,26.302935997055013,FY25,0.010882652588682042,0.32749837917940167
TATACHEM,500770,Q3FY26,1.039745708834882,-0.2653919318127109,25.99641238733752,FY26,0.010882652588682042,0.32749837917940167
TATACHEM,500770,Q4FY21,0.9646530632866879,0.5407854263746483,25.90822014066,FY21,0.010882652588682042,0.32749837917940167
TATACHEM,500770,Q4FY22,1.32812590913873,0.33821141151779954,26.180970433541987,FY22,0.010882652588682042,0.32749837917940167
TATACHEM,500770,Q4FY23,1.0467344763820985,0.14408385812684307,26.192873830576733,FY23,0.11748897114750774,0.3192535875462705
TATACHEM,500770,Q4FY24,1.3395303796887885,-0.025443530011667086,26.31625848294074,FY24,0.012049817903871229,0.250123645519536
TATACHEM,500770,Q4FY25,1.0130171319784036,-0.14676975664840153,26.106911561348248,FY25,0.010882652588682042,0.32749837917940167
TATACHEM,500770,Q4FY26,0.8914178118422055,-0.15049611569449658,25.724433784433394,FY26,0.010882652588682042,0.32749837917940167
TATACONSUM,500800,Q1FY22,0.6693333450943413,0.10689939809600632,27.305707505076157,FY22,,
TATACONSUM,500800,Q1FY23,0.9589504947074321,0.18025835503215254,27.24781920996309,FY23,0.0739565919648381,0.09830242106666519
TATACONSUM,500800,Q1FY24,0.7899731977964437,0.1362081369465909,27.45649630109791,FY24,0.07164134300816041,0.21655760584774417
TATACONSUM,500800,Q1FY25,0.536456764129349,0.40462364369114434,27.70613318140345,FY25,0.06392004831739086,0.11962754011283391
TATACONSUM,500800,Q1FY26,0.8396161177127515,0.014795634148593122,27.714837737301096,FY26,0.06392004831739086,0.11962754011283391
TATACONSUM,500800,Q2FY22,0.6498232192210442,0.4462195311549075,27.381253567185215,FY22,0.06392004831739086,0.11962754011283391
TATACONSUM,500800,Q2FY23,0.9521350074754553,-0.009645368532387495,27.375876220798283,FY23,0.0739565919648381,0.09830242106666519
TATACONSUM,500800,Q2FY24,0.840405506275542,0.06437879121654114,27.4749109297552,FY24,0.07164134300816041,0.21655760584774417
TATACONSUM,500800,Q2FY25,0.49304555855688925,0.43424653588416406,27.792920600234527,FY25,0.06392004831739086,0.11962754011283391
TATACONSUM,500800,Q2FY26,0.884437660722128,-0.10410676217293845,27.742126050598536,FY26,0.06392004831739086,0.11962754011283391
TATACONSUM,500800,Q3FY22,0.75920128443665,0.2928946512962768,27.2910863004354,FY22,0.06392004831739086,0.11962754011283391
TATACONSUM,500800,Q3FY23,0.9342970527987183,0.06908718865162815,27.330129957190916,FY23,0.0739565919648381,0.09830242106666519
TATACONSUM,500800,Q3FY24,0.6926351277908396,0.22351348706583066,27.689510783351324,FY24,0.07164134300816041,0.21655760584774417
TATACONSUM,500800,Q3FY25,0.6904043594738611,0.03696555287273752,27.52398480220981,FY25,0.06392004831739086,0.11962754011283391
TATACONSUM,500800,Q3FY26,0.7704052351594222,0.216777007683338,27.79616060425669,FY26,0.06392004831739086,0.11962754011283391
TATACONSUM,500800,Q4FY21,0.7094248241500256,0.012718183078129407,27.13382490275863,FY21,0.06392004831739086,0.11962754011283391
TATACONSUM,500800,Q4FY22,0.8932329173415313,0.16887161816826665,27.335739721420506,FY22,0.06392004831739086,0.11962754011283391
TATACONSUM,500800,Q4FY23,0.8081966365569622,-0.003124409626830598,27.251352272494522,FY23,0.0739565919648381,0.09830242106666519
TATACONSUM,500800,Q4FY24,0.8758901183869969,0.6342438298253836,27.6981228503013,FY24,0.07164134300816041,0.21655760584774417
TATACONSUM,500800,Q4FY25,0.5887378576610857,-0.12354656416741662,27.61504219064866,FY25,0.06392004831739086,0.11962754011283391
TATACONSUM,500800,Q4FY26,0.7709817587125454,0.14999613214508264,27.63521957232752,FY26,0.06392004831739086,0.11962754011283391
TATAELXSI,500408,Q1FY22,0.47745360016830557,0.9322784905464006,26.280949397754263,FY22,,
TATAELXSI,500408,Q1FY23,0.881838206451124,1.4184844237368093,26.926951439476582,FY23,0.36206976320606454,0.08738463656848361
TATAELXSI,500408,Q1FY24,0.9328283101349784,-0.08149649594802218,26.860858112969517,FY24,0.3161797968859496,0.08939031262986867
TATAELXSI,500408,Q1FY25,0.5408526363355015,0.05028184021485607,26.790035422309717,FY25,0.2744564494329221,0.06723528598304492
TATAELXSI,500408,Q1FY26,1.1809955229233124,-0.11832971452118941,26.697309695499914,FY26,0.2744564494329221,0.06723528598304492
TATAELXSI,500408,Q2FY22,0.4396380677967672,1.587000634028573,26.543038369652148,FY22,0.2744564494329221,0.06723528598304492
TATAELXSI,500408,Q2FY23,0.9921554671913991,0.8648682343730104,26.97310076447703,FY23,0.36206976320606454,0.08738463656848361
TATAELXSI,500408,Q2FY24,0.6976984046583325,-0.24347657073340329,26.81206888512628,FY24,0.3161797968859496,0.08939031262986867
TATAELXSI,500408,Q2FY25,0.6250109013760416,0.15275694315784522,26.888315944809055,FY25,0.2744564494329221,0.06723528598304492
TATAELXSI,500408,Q2FY26,1.2537072870551031,-0.3961255197901709,26.509011518677575,FY26,0.2744564494329221,0.06723528598304492
TATAELXSI,500408,Q3FY22,0.5761550402700543,2.2424604690715912,26.590848802599613,FY22,0.2744564494329221,0.06723528598304492
TATAELXSI,500408,Q3FY23,0.9623875466678651,0.21744158412278058,26.664724321161472,FY23,0.36206976320606454,0.08738463656848361
TATAELXSI,500408,Q3FY24,0.7742865363742075,0.23840940507974076,27.00367213451162,FY24,0.3161797968859496,0.08939031262986867
TATAELXSI,500408,Q3FY25,0.7195532267627804,-0.186961708679936,26.76034035355443,FY25,0.2744564494329221,0.06723528598304492
TATAELXSI,500408,Q3FY26,1.35728364826023,-0.22830717568359862,26.511590932574887,FY26,0.2744564494329221,0.06723528598304492
TATAELXSI,500408,Q4FY21,0.6220550868608543,0.42286994471763856,25.799158286773512,FY21,0.2744564494329221,0.06723528598304492
TATAELXSI,500408,Q4FY22,0.8353969286982641,1.4428815472816154,27.000638727423244,FY22,0.2744564494329221,0.06723528598304492
TATAELXSI,500408,Q4FY23,0.8087684308848972,-0.06712565755010208,26.61133472995191,FY23,0.36206976320606454,0.08738463656848361
TATAELXSI,500408,Q4FY24,0.5776109020835072,0.16802641031983054,26.886442201433148,FY24,0.3161797968859496,0.08939031262986867
TATAELXSI,500408,Q4FY25,0.8373438150992483,-0.2604229451114949,26.49538766200905,FY25,0.2744564494329221,0.06723528598304492
TATAELXSI,500408,Q4FY26,1.237897980204452,-0.24086694607729142,26.23560122634636,FY26,0.2744564494329221,0.06723528598304492
TATAINVEST,501301,Q1FY22,0.687048090434256,0.05262128531305613,24.704427480000774,FY22,,
TATAINVEST,501301,Q1FY23,0.9184516417884911,0.4811878349305089,24.91258192371466,FY23,0.01286927238231878,0.012345334411926966
TATAINVEST,501301,Q1FY24,1.0261007158872273,0.5774387438841255,25.49036435631742,FY24,0.012847064133235251,1.3622512827671575e-05
TATAINVEST,501301,Q1FY25,0.5404306264226879,2.1255627793304948,26.511109658761068,FY25,0.010038036979984616,7.129125437777432e-05
TATAINVEST,501301,Q1FY26,0.8975087925614222,0.022973643118562932,26.573050556800276,FY26,0.010038036979984616,7.129125437777432e-05
TATAINVEST,501301,Q2FY22,0.6736751880287886,0.28228642763388584,24.894474471767577,FY22,0.010038036979984616,7.129125437777432e-05
TATAINVEST,501301,Q2FY23,0.9575860513549406,0.35482885732141933,25.452391547218035,FY23,0.01286927238231878,0.012345334411926966
TATAINVEST,501301,Q2FY24,0.9525920621572135,0.6144891764579942,25.82486809945574,FY24,0.012847064133235251,1.3622512827671575e-05
TATAINVEST,501301,Q2FY25,0.5696024158949554,1.9132362003139236,26.561327837036988,FY25,0.010038036979984616,7.129125437777432e-05
TATAINVEST,501301,Q2FY26,0.9066443717073918,-0.07341423313349606,26.9822251764282,FY26,0.010038036979984616,7.129125437777432e-05
TATAINVEST,501301,Q3FY22,0.7318195767045212,0.46496894219566093,24.886100073291093,FY22,0.010038036979984616,7.129125437777432e-05
TATAINVEST,501301,Q3FY23,1.0259869805852622,0.6774262725655801,25.365186619067952,FY23,0.01286927238231878,0.012345334411926966
TATAINVEST,501301,Q3FY24,0.6701310811800608,0.7880523193120649,26.0934706818687,FY24,0.012847064133235251,1.3622512827671575e-05
TATAINVEST,501301,Q3FY25,0.7024224291788599,0.48181252444038836,26.56733923533305,FY25,0.010038036979984616,7.129125437777432e-05
TATAINVEST,501301,Q3FY26,0.7705296944315287,0.12153947463512003,26.589528436717654,FY26,0.010038036979984616,7.129125437777432e-05
TATAINVEST,501301,Q4FY21,0.7583549634093996,0.10598968094769304,24.5963288642942,FY21,0.010038036979984616,7.129125437777432e-05
TATAINVEST,501301,Q4FY22,0.7936471500104947,0.29545049545605817,24.886763697839214,FY22,0.010038036979984616,7.129125437777432e-05
TATAINVEST,501301,Q4FY23,1.016548586329931,0.5578492873363693,25.17489180275684,FY23,0.01286927238231878,0.012345334411926966
TATAINVEST,501301,Q4FY24,0.7166546611745175,2.222109055394861,26.4706518601755,FY24,0.012847064133235251,1.3622512827671575e-05
TATAINVEST,501301,Q4FY25,0.7336306979435969,0.05827264558488067,26.486562717594293,FY25,0.010038036979984616,7.129125437777432e-05
TATAINVEST,501301,Q4FY26,0.9387307733375089,0.2638000636334422,26.335650808359706,FY26,0.010038036979984616,7.129125437777432e-05
TATAPOWER,500400,Q1FY22,1.3079049432565666,0.3529411643915634,26.662069065102255,FY22,,
TATAPOWER,500400,Q1FY23,1.4602335493353051,1.2157970932567008,27.17445772851611,FY23,0.11589919628115465,1.8384096808919725
TATAPOWER,500400,Q1FY24,1.0258970649939472,-0.02553560782233516,27.27647199548865,FY24,0.11423943348985591,1.823712907533822
TATAPOWER,500400,Q1FY25,1.5777008802070653,1.1352943677728429,27.962607946431824,FY25,0.11079591983073978,1.8971693330509725
TATAPOWER,500400,Q1FY26,1.363331777988289,-0.11757798831718341,27.8899567851185,FY26,0.11079591983073978,1.8971693330509725
TATAPOWER,500400,Q2FY22,1.2644559470868215,0.6891783614869397,26.924559156490062,FY22,0.11079591983073978,1.8971693330509725
TATAPOWER,500400,Q2FY23,1.4059613604517058,0.90289267509973,27.24279094676131,FY23,0.11589919628115465,1.8384096808919725
TATAPOWER,500400,Q2FY24,1.0965686745651877,0.08734152787091401,27.4439594191901,FY24,0.11423943348985591,1.823712907533822
TATAPOWER,500400,Q2FY25,1.5844082093288372,0.8977095782661527,28.058279223655955,FY25,0.11079591983073978,1.8971693330509725
TATAPOWER,500400,Q2FY26,1.300775731456897,-0.10594490838952773,27.847638373592396,FY26,0.11079591983073978,1.8971693330509725
TATAPOWER,500400,Q3FY22,1.4522151819567015,1.96342464338524,27.255165056248813,FY22,0.11079591983073978,1.8971693330509725
TATAPOWER,500400,Q3FY23,1.2673904430460214,-0.003080641386156625,27.20129516103871,FY23,0.11589919628115465,1.8384096808919725
TATAPOWER,500400,Q3FY24,1.2049103054918862,0.2514566843518719,27.680057174553067,FY24,0.11423943348985591,1.823712907533822
TATAPOWER,500400,Q3FY25,1.578368806160182,0.5950469766617579,27.85137273033371,FY25,0.11079591983073978,1.8971693330509725
TATAPOWER,500400,Q3FY26,1.2759726066508676,-0.044494613028760774,27.824077276435148,FY26,0.11079591983073978,1.8971693330509725
TATAPOWER,500400,Q4FY21,1.2166789489475263,0.23012280973023783,26.48199911308226,FY21,0.11079591983073978,1.8971693330509725
TATAPOWER,500400,Q4FY22,1.4516718057267028,1.5064280702744044,27.3322266676777,FY22,0.11079591983073978,1.8971693330509725
TATAPOWER,500400,Q4FY23,1.1956242971361328,-0.07698405307938193,27.113539409568673,FY23,0.11589919628115465,1.8384096808919725
TATAPOWER,500400,Q4FY24,1.3499906129468002,0.8607751598942447,27.851328920951456,FY24,0.11423943348985591,1.823712907533822
TATAPOWER,500400,Q4FY25,1.5670182334294802,-0.06814125342451516,27.80708318089276,FY25,0.11079591983073978,1.8971693330509725
TATAPOWER,500400,Q4FY26,1.044174394143788,0.12925151743624577,27.82183555044415,FY26,0.11079591983073978,1.8971693330509725
TATASTEEL,500470,Q1FY22,1.2763441780774705,0.7118645492577599,27.87833206881154,FY22,,
TATASTEEL,500470,Q1FY23,1.346011151057127,-0.008480019498532856,27.634134109140685,FY23,0.08498468696310998,0.8235479292719105
TATASTEEL,500470,Q1FY24,1.2334706233037669,0.11609384562766835,27.922238371648866,FY24,-0.04821430278839443,0.9461770077196081
TATASTEEL,500470,Q1FY25,1.4857109933956334,0.7104298618726073,28.382799706584954,FY25,0.03751808579238503,1.0398314658071992
TATASTEEL,500470,Q1FY26,1.3722575964594375,-0.06054228625699542,28.320412404861532,FY26,0.03751808579238503,1.0398314658071992
TATASTEEL,500470,Q2FY22,1.356982894201558,1.305557936548842,27.97802775610788,FY22,0.03751808579238503,1.0398314658071992
TATASTEEL,500470,Q2FY23,1.2990756914711499,-0.18445642014824865,27.769768081339144,FY23,0.08498468696310998,0.8235479292719105
TATASTEEL,500470,Q2FY24,1.2446479300196738,0.18334240570191276,28.062776343379102,FY24,-0.04821430278839443,0.9461770077196081
TATASTEEL,500470,Q2FY25,1.514146031419109,0.3457491924650047,28.350919379927337,FY25,0.03751808579238503,1.0398314658071992
TATASTEEL,500470,Q2FY26,1.3393486779223363,0.03304448111522557,28.375276616701502,FY26,0.03751808579238503,1.0398314658071992
TATASTEEL,500470,Q3FY22,1.414334833239614,0.768455691429885,27.829903898912157,FY22,0.03751808579238503,1.0398314658071992
TATASTEEL,500470,Q3FY23,1.266962640729961,0.049411540262064235,27.89590820418656,FY23,0.08498468696310998,0.8235479292719105
TATASTEEL,500470,Q3FY24,1.2319221654295467,0.2539880943911405,28.142520683957926,FY24,-0.04821430278839443,0.9461770077196081
TATASTEEL,500470,Q3FY25,1.4275723301569152,0.18578320807824047,28.151302876757644,FY25,0.03751808579238503,1.0398314658071992
TATASTEEL,500470,Q3FY26,1.465874389346184,0.19445248756001063,28.440140956904308,FY26,0.03751808579238503,1.0398314658071992
TATASTEEL,500470,Q4FY21,1.1602665678042854,0.11203566381893715,27.493667012887215,FY21,0.03751808579238503,1.0398314658071992
TATASTEEL,500470,Q4FY22,1.3725563441950035,0.823195189437426,27.992125956565598,FY22,0.03751808579238503,1.0398314658071992
TATASTEEL,500470,Q4FY23,1.2615293277742141,-0.03811149340355978,27.820809654056173,FY23,0.08498468696310998,0.8235479292719105
TATASTEEL,500470,Q4FY24,1.4531244512329,0.33550164640475155,28.25263359670701,FY24,-0.04821430278839443,0.9461770077196081
TATASTEEL,500470,Q4FY25,1.3495778978385657,-0.008637697788429304,28.262196775007673,FY25,0.03751808579238503,1.0398314658071992
TATASTEEL,500470,Q4FY26,1.4590656025681223,0.632566900131797,28.50350569270886,FY26,0.03751808579238503,1.0398314658071992
TECHNOE,542141,Q1FY22,0.8831323612356121,0.5613612621769588,24.329483069921785,FY22,,
TECHNOE,542141,Q1FY23,0.8202390409120842,-0.12953619658808463,24.191051317379085,FY23,0.09680962739248933,
TECHNOE,542141,Q1FY24,0.7372317294276821,0.49545163669897296,24.446729234013983,FY24,0.1241015307365407,0.0
TECHNOE,542141,Q1FY25,0.6796923370511909,1.9070754836250219,25.909273178124668,FY25,0.11309846591710247,0.01045357018579873
TECHNOE,542141,Q1FY26,1.410241578332387,0.2026872616292259,25.943334376525506,FY26,0.11309846591710247,0.01045357018579873
TECHNOE,542141,Q2FY22,0.8653655332429062,0.3273759729956762,24.177216639773153,FY22,0.11309846591710247,0.01045357018579873
TECHNOE,542141,Q2FY23,0.8261294140047627,0.0377842796952261,24.127038440510308,FY23,0.09680962739248933,0.01045357018579873
TECHNOE,542141,Q2FY24,0.6296565145247455,0.8492170741714211,24.785694615195588,FY24,0.1241015307365407,0.0
TECHNOE,542141,Q2FY25,0.8809297625859068,2.4239149793403483,25.943553121748522,FY25,0.11309846591710247,0.01045357018579873
TECHNOE,542141,Q2FY26,1.4476015648292635,-0.10575685115139852,25.767167323035103,FY26,0.11309846591710247,0.01045357018579873
TECHNOE,542141,Q3FY22,0.736610836628065,0.094842865717337,24.0255334543071,FY22,0.11309846591710247,0.01045357018579873
TECHNOE,542141,Q3FY23,0.9003759898577353,0.31687043761348566,24.34851647382718,FY23,0.09680962739248933,0.01045357018579873
TECHNOE,542141,Q3FY24,0.7985370662869625,1.4621336420383328,25.24556032591527,FY24,0.1241015307365407,0.0
TECHNOE,542141,Q3FY25,0.8584004737013406,1.0380879235979235,25.9247896356972,FY25,0.11309846591710247,0.01045357018579873
TECHNOE,542141,Q3FY26,1.6309967598068522,-0.17511129816014834,25.558338808557373,FY26,0.11309846591710247,0.01045357018579873
TECHNOE,542141,Q4FY21,0.8840435010510114,0.34051615432956295,24.254479454686855,FY21,0.11309846591710247,0.01045357018579873
TECHNOE,542141,Q4FY22,0.6664622521768002,-0.08014499239183744,24.055025617342405,FY22,0.11309846591710247,0.01045357018579873
TECHNOE,542141,Q4FY23,0.9253496655532664,0.3316255978410573,24.371437208922156,FY23,0.09680962739248933,0.01045357018579873
TECHNOE,542141,Q4FY24,0.6895620269537122,1.131047512872809,25.209796908652727,FY24,0.1241015307365407,0.0
TECHNOE,542141,Q4FY25,1.1940591454389624,0.1814310658608582,25.476463169947717,FY25,0.11309846591710247,0.01045357018579873
TECHNOE,542141,Q4FY26,1.4656474378967523,0.2873849596045291,25.464423088619814,FY26,0.11309846591710247,0.01045357018579873
THERMAX,500411,Q1FY22,0.506742251300356,0.560123727568187,25.822854999900276,FY22,,
THERMAX,500411,Q1FY23,0.6542424995531811,0.3794179922207637,26.173419983663287,FY23,0.11641206079517692,0.22009167362534804
THERMAX,500411,Q1FY24,0.5166493612140841,0.17797328534326454,26.262064460037042,FY24,0.14533988017478264,0.29180143249695933
THERMAX,500411,Q1FY25,0.6415868223177794,1.3268944675033352,27.118523091589484,FY25,0.12851613060043873,0.3511866782529082
THERMAX,500411,Q1FY26,1.0323236383644108,-0.33978059522210596,26.67294690170192,FY26,0.12851613060043873,0.3511866782529082
THERMAX,500411,Q2FY22,0.49901290808423104,0.5634399621331997,25.74010476207881,FY22,0.12851613060043873,0.3511866782529082
THERMAX,500411,Q2FY23,0.6463976361700036,0.7690863017299155,26.211618481045903,FY23,0.11641206079517692,0.22009167362534804
THERMAX,500411,Q2FY24,0.5529980689908542,0.1860542424862703,26.57602313869547,FY24,0.14533988017478264,0.29180143249695933
THERMAX,500411,Q2FY25,0.8079817545385974,0.6859948071508265,27.072790842189928,FY25,0.12851613060043873,0.3511866782529082
THERMAX,500411,Q2FY26,0.8578609270096262,-0.273843538361568,26.60136387380911,FY26,0.12851613060043873,0.3511866782529082
THERMAX,500411,Q3FY22,0.3997266128774172,0.9794722589913002,26.013323109586278,FY22,0.12851613060043873,0.3511866782529082
THERMAX,500411,Q3FY23,0.7748708614635859,0.22037051902100696,26.11424113891162,FY23,0.11641206079517692,0.22009167362534804
THERMAX,500411,Q3FY24,0.39160599103744653,0.18730110391200622,26.566656085432896,FY24,0.14533988017478264,0.29180143249695933
THERMAX,500411,Q3FY25,0.8820443460315333,0.650209921388644,26.839693873838645,FY25,0.12851613060043873,0.3511866782529082
THERMAX,500411,Q3FY26,0.8924842149431369,-0.3680839991312067,26.553655058234604,FY26,0.12851613060043873,0.3511866782529082
THERMAX,500411,Q4FY21,0.25964183340574426,0.5023764444285445,25.723159762198662,FY21,0.12851613060043873,0.3511866782529082
THERMAX,500411,Q4FY22,0.6929617246468851,0.5737805277438117,26.095038967100002,FY22,0.12851613060043873,0.3511866782529082
THERMAX,500411,Q4FY23,0.5979075551050359,0.22791559270078168,26.266851880444143,FY23,0.11641206079517692,0.22009167362534804
THERMAX,500411,Q4FY24,0.671452793247309,0.7724225371195756,26.874501130166685,FY24,0.14533988017478264,0.29180143249695933
THERMAX,500411,Q4FY25,0.9470778343655165,-0.0864897637471365,26.73936093836407,FY25,0.12851613060043873,0.3511866782529082
THERMAX,500411,Q4FY26,0.6893581212606869,-0.003324457760752133,26.629479519052406,FY26,0.12851613060043873,0.3511866782529082
TIMKEN,522113,Q1FY22,0.5104572231027262,-0.01939132457613498,25.415712492412805,FY22,,
TIMKEN,522113,Q1FY23,0.6344832447042039,1.0266010877587837,25.89779647751276,FY23,0.19180756460426512,0.014994315649341342
TIMKEN,522113,Q1FY24,0.4000825327525428,0.7215797773841653,26.262993884131415,FY24,0.16222555748979012,0.010492027349929507
TIMKEN,522113,Q1FY25,0.4887417262240652,0.21546115008331163,26.486130381483296,FY25,0.15726088935678845,0.005841050454063725
TIMKEN,522113,Q1FY26,0.7676645810758356,-0.24484377903428609,26.285646313163813,FY26,0.15726088935678845,0.005841050454063725
TIMKEN,522113,Q2FY22,0.4362810346423118,0.24449462910851733,25.55948420729442,FY22,0.15726088935678845,0.005841050454063725
TIMKEN,522113,Q2FY23,0.7308446657963698,0.9665934453565928,26.15340688889759,FY23,0.19180756460426512,0.014994315649341342
TIMKEN,522113,Q2FY24,0.06535142857803511,0.0762517432481774,26.16269937357858,FY24,0.16222555748979012,0.010492027349929507
TIMKEN,522113,Q2FY25,0.5186981645666794,0.20087136248174042,26.35809391215337,FY25,0.15726088935678845,0.005841050454063725
TIMKEN,522113,Q2FY26,0.8961915377042793,-0.2233536462805108,26.14557298238934,FY26,0.15726088935678845,0.005841050454063725
TIMKEN,522113,Q3FY22,0.48773013618101607,0.5980624967543038,25.719035581215504,FY22,0.15726088935678845,0.005841050454063725
TIMKEN,522113,Q3FY23,0.6144525453786307,0.8626595363865259,26.164959145273006,FY23,0.19180756460426512,0.014994315649341342
TIMKEN,522113,Q3FY24,0.36848657639921545,-0.1667098272647626,26.2120047526009,FY24,0.16222555748979012,0.010492027349929507
TIMKEN,522113,Q3FY25,0.4502424302470297,0.14717402138361102,26.171778939112095,FY25,0.15726088935678845,0.005841050454063725
TIMKEN,522113,Q3FY26,1.0870823810011008,-0.04361856188230213,26.143311280215354,FY26,0.15726088935678845,0.005841050454063725
TIMKEN,522113,Q4FY21,0.6915340196674963,-0.04645679269824273,25.290560759562688,FY21,0.15726088935678845,0.005841050454063725
TIMKEN,522113,Q4FY22,0.5788571128405023,0.5947143206637426,25.793150751539144,FY22,0.15726088935678845,0.005841050454063725
TIMKEN,522113,Q4FY23,0.40883501858179505,0.4790377937083689,26.045896510685537,FY23,0.19180756460426512,0.014994315649341342
TIMKEN,522113,Q4FY24,0.4949153328553724,-0.0994669149170735,26.083396726703857,FY24,0.16222555748979012,0.010492027349929507
TIMKEN,522113,Q4FY25,0.5315733422689927,-0.09383581486922082,26.045206422345135,FY25,0.15726088935678845,0.005841050454063725
TIMKEN,522113,Q4FY26,1.0425544219491283,0.3512171511568791,26.214692143533064,FY26,0.15726088935678845,0.005841050454063725
TORNTPHARM,500420,Q1FY22,0.4510499693048245,0.004357331362613225,26.861814938839824,FY22,,
TORNTPHARM,500420,Q1FY23,0.6073761606171073,0.050957528300279484,26.865041707722103,FY23,0.2009060885081969,0.8661664034126753
TORNTPHARM,500420,Q1FY24,0.36996346167163685,0.4178614324583331,27.165165914106723,FY24,0.2415903969428907,0.58661785404345
TORNTPHARM,500420,Q1FY25,0.26862820144130906,0.6658060904675858,27.557632401926007,FY25,0.25178870432068756,0.42187469123360327
TORNTPHARM,500420,Q1FY26,0.6219976043812101,0.2272305172475524,27.766979683888824,FY26,0.25178870432068756,0.42187469123360327
TORNTPHARM,500420,Q2FY22,0.43553620480942434,0.12566456264996387,26.923266348796957,FY22,0.25178870432068756,0.42187469123360327
TORNTPHARM,500420,Q2FY23,0.6010170644125545,0.023719741969206603,26.95186937918953,FY23,0.2009060885081969,0.8661664034126753
TORNTPHARM,500420,Q2FY24,0.3692780631968251,0.27477611937857255,27.177763767607505,FY24,0.2415903969428907,0.58661785404345
TORNTPHARM,500420,Q2FY25,0.364393822488711,0.778065732586347,27.75388515996993,FY25,0.25178870432068756,0.42187469123360327
TORNTPHARM,500420,Q2FY26,0.5789540253450094,0.07648116534178437,27.822617684502095,FY26,0.25178870432068756,0.42187469123360327
TORNTPHARM,500420,Q3FY22,0.452371184966833,0.07682744122084353,26.983923264881767,FY22,0.25178870432068756,0.42187469123360327
TORNTPHARM,500420,Q3FY23,0.5915654528721236,0.10063311513745288,26.945921781885193,FY23,0.2009060885081969,0.8661664034126753
TORNTPHARM,500420,Q3FY24,0.3536074117072161,0.29659907155828735,27.356029387001847,FY24,0.2415903969428907,0.58661785404345
TORNTPHARM,500420,Q3FY25,0.39815564781091917,0.5913786668666036,27.743080942131268,FY25,0.25178870432068756,0.42187469123360327
TORNTPHARM,500420,Q3FY26,0.6041205321095826,0.1697888908066321,27.888868523678685,FY26,0.25178870432068756,0.42187469123360327
TORNTPHARM,500420,Q4FY21,0.508524436187139,-0.1245201220799111,26.725499176743735,FY21,0.25178870432068756,0.42187469123360327
TORNTPHARM,500420,Q4FY22,0.52034503922153,0.13805697783172416,26.832669535120488,FY22,0.25178870432068756,0.42187469123360327
TORNTPHARM,500420,Q4FY23,0.5338782630033079,0.08494352361218296,26.946336034050216,FY23,0.2009060885081969,0.8661664034126753
TORNTPHARM,500420,Q4FY24,0.2537504478119391,0.7572037407286245,27.484765704985993,FY24,0.2415903969428907,0.58661785404345
TORNTPHARM,500420,Q4FY25,0.4732737599214185,0.15747870576815728,27.710744448598664,FY25,0.25178870432068756,0.42187469123360327
TORNTPHARM,500420,Q4FY26,0.5416754491260747,0.46546530742417985,27.987511301193887,FY26,0.25178870432068756,0.42187469123360327
TRIDENT,521064,Q1FY22,0.6199355783099503,0.5068037854386984,25.091245102028946,FY22,,
TRIDENT,521064,Q1FY23,0.9928315357036086,1.878364023891275,25.962071118894368,FY23,0.1051228110346275,0.3439829986977117
TRIDENT,521064,Q1FY24,0.8988298579999883,-0.2771521645955424,25.829374952304295,FY24,0.08099346296180432,0.4926229489202648
TRIDENT,521064,Q1FY25,0.9123910818971602,0.11059541956448848,25.97612207401573,FY25,0.08004345389191493,0.35387005814771294
TRIDENT,521064,Q1FY26,1.0579223022683113,-0.13900301096305442,25.795896817723737,FY26,0.08004345389191493,0.35387005814771294
TRIDENT,521064,Q2FY22,0.6300089813731298,0.9631226709415683,25.629221844448036,FY22,0.08004345389191493,0.35387005814771294
TRIDENT,521064,Q2FY23,0.9523214605911148,0.8450293740672752,25.91167931927527,FY23,0.1051228110346275,0.3439829986977117
TRIDENT,521064,Q2FY24,0.9470206636309177,0.022215026754553828,25.955158088504714,FY24,0.08099346296180432,0.4926229489202648
TRIDENT,521064,Q2FY25,0.8716644829306381,0.1523767803304997,25.938119058783787,FY25,0.08004345389191493,0.35387005814771294
TRIDENT,521064,Q2FY26,1.1416837813832104,-0.25438458854908025,25.689897540941555,FY26,0.08004345389191493,0.35387005814771294
TRIDENT,521064,Q3FY22,0.5754811887167202,3.5046881352576045,26.28310544672311,FY22,0.08004345389191493,0.35387005814771294
TRIDENT,521064,Q3FY23,1.1010139541097081,-0.36672785051847623,25.84942427919793,FY23,0.1051228110346275,0.3439829986977117
TRIDENT,521064,Q3FY24,1.1438776755154185,0.08549807061165787,25.91864283647269,FY24,0.08099346296180432,0.4926229489202648
TRIDENT,521064,Q3FY25,0.827695777236264,-0.07607123048444092,25.846185533565233,FY25,0.08004345389191493,0.35387005814771294
TRIDENT,521064,Q3FY26,1.2397146838111275,-0.10821768951924851,25.637426469370297,FY26,0.08004345389191493,0.35387005814771294
TRIDENT,521064,Q4FY21,0.4191677632067597,0.28372099347370566,24.917912797802266,FY21,0.08004345389191493,0.35387005814771294
TRIDENT,521064,Q4FY22,0.944364765590851,2.7931020284983643,26.28310544672311,FY22,0.08004345389191493,0.35387005814771294
TRIDENT,521064,Q4FY23,0.9930355915262079,-0.4201059585248536,25.64615500424046,FY23,0.1051228110346275,0.3439829986977117
TRIDENT,521064,Q4FY24,1.092017260583561,0.4076468238094356,25.925506201669773,FY24,0.08099346296180432,0.4926229489202648
TRIDENT,521064,Q4FY25,0.9403447733253296,-0.38074554827796925,25.525673848125393,FY25,0.08004345389191493,0.35387005814771294
TRIDENT,521064,Q4FY26,1.1785784570477509,-0.036944121838958635,25.465599621431583,FY26,0.08004345389191493,0.35387005814771294
TRITURBINE,533655,Q1FY22,0.8139608038427676,0.32798032211620165,24.352165387573944,FY22,,
TRITURBINE,533655,Q1FY23,0.997790968895568,0.6669374575490876,24.602791817752443,FY23,0.25323864009995395,0.0048872229894127706
TRITURBINE,533655,Q1FY24,0.7818669499466051,1.2491023395093268,25.56687605698601,FY24,0.28047451453528954,0.0032485866876709986
TRITURBINE,533655,Q1FY25,0.7918970294613268,0.45900102796409803,25.994225273863243,FY25,0.29365895606378617,0.03218985561219918
TRITURBINE,533655,Q1FY26,1.2101554685711016,-0.007099347016936019,25.986353202852108,FY26,0.29365895606378617,0.03218985561219918
TRITURBINE,533655,Q2FY22,0.9284310658956104,0.5948117556586278,24.617399950503476,FY22,0.29365895606378617,0.03218985561219918
TRITURBINE,533655,Q2FY23,0.8328959831232754,0.7446627663932024,25.017837123401826,FY23,0.25323864009995395,0.0048872229894127706
TRITURBINE,533655,Q2FY24,0.8530611024196537,0.9376720746655084,25.641808918856388,FY24,0.28047451453528954,0.0032485866876709986
TRITURBINE,533655,Q2FY25,0.7054296624782835,0.9129802643580138,26.09469074640575,FY25,0.29365895606378617,0.03218985561219918
TRITURBINE,533655,Q2FY26,1.3780906845395515,-0.29964662690215677,25.824553748127148,FY26,0.29365895606378617,0.03218985561219918
TRITURBINE,533655,Q3FY22,0.7518725775858216,1.2836936101008911,24.794819809817415,FY22,0.29365895606378617,0.03218985561219918
TRITURBINE,533655,Q3FY23,1.0450158178079438,0.6886545475359553,25.120319838386397,FY23,0.25323864009995395,0.0048872229894127706
TRITURBINE,533655,Q3FY24,0.996533391553051,0.4475414332776436,25.608764349016543,FY24,0.28047451453528954,0.0032485866876709986
TRITURBINE,533655,Q3FY25,0.7735784639446862,0.822740370609922,26.173890682342375,FY25,0.29365895606378617,0.03218985561219918
TRITURBINE,533655,Q3FY26,1.3603992900060746,-0.3562438170177566,25.86106934094362,FY26,0.29365895606378617,0.03218985561219918
TRITURBINE,533655,Q4FY21,0.8118940526889322,0.24583096263983148,24.16055510416119,FY21,0.29365895606378617,0.03218985561219918
TRITURBINE,533655,Q4FY22,1.0291313975909648,0.7155329273959623,24.85970468531679,FY22,0.29365895606378617,0.03218985561219918
TRITURBINE,533655,Q4FY23,0.7561546771171083,0.7817702011222276,25.367270099766046,FY23,0.25323864009995395,0.0048872229894127706
TRITURBINE,533655,Q4FY24,0.8033633167223118,0.582041369800193,25.849138975840095,FY24,0.28047451453528954,0.0032485866876709986
TRITURBINE,533655,Q4FY25,0.9510787946723509,0.2252855396585747,25.903230634559147,FY25,0.29365895606378617,0.03218985561219918
TRITURBINE,533655,Q4FY26,1.1583563640299988,-0.12128229556957415,25.66366540505641,FY26,0.29365895606378617,0.03218985561219918
TVSHLTD,520056,Q1FY22,0.9314754866257848,0.35853884828334603,24.748666640078277,FY22,,
TVSHLTD,520056,Q1FY23,0.465699100860147,0.07937372507744919,25.00104220567744,FY23,0.20044801125581999,7.717703541201916
TVSHLTD,520056,Q1FY24,0.503447392396461,0.18180283009216197,25.081235863304176,FY24,0.2818205185083466,9.49448076984018
TVSHLTD,520056,Q1FY25,0.7505567067505707,2.3061802806181952,26.297267459239958,FY25,0.248364228280557,7.150546466157072
TVSHLTD,520056,Q1FY26,1.033344361773238,0.07922267585960972,26.11826501848402,FY26,0.248364228280557,7.150546466157072
TVSHLTD,520056,Q2FY22,0.8789952399811357,0.3911798050471194,24.74221374486838,FY22,0.248364228280557,7.150546466157072
TVSHLTD,520056,Q2FY23,0.42953437901400326,0.3661512210728376,25.04085779987555,FY23,0.20044801125581999,7.717703541201916
TVSHLTD,520056,Q2FY24,0.5566587874432614,0.3168312637958551,25.40013236793987,FY24,0.2818205185083466,9.49448076984018
TVSHLTD,520056,Q2FY25,0.7822928401741354,2.0401280656238967,26.374566643316037,FY25,0.248364228280557,7.150546466157072
TVSHLTD,520056,Q2FY26,1.098994309594006,-0.13466063149906818,26.270784294078897,FY26,0.248364228280557,7.150546466157072
TVSHLTD,520056,Q3FY22,0.7719383987892002,0.6452225438273801,24.84398462961801,FY22,0.248364228280557,7.150546466157072
TVSHLTD,520056,Q3FY23,0.4340236550687955,0.1793197706769217,25.136499847039314,FY23,0.20044801125581999,7.717703541201916
TVSHLTD,520056,Q3FY24,0.6323188891214503,0.26723783894719566,25.746415072862533,FY24,0.2818205185083466,9.49448076984018
TVSHLTD,520056,Q3FY25,0.8590510904080393,1.1508297693551475,26.07397857357437,FY25,0.248364228280557,7.150546466157072
TVSHLTD,520056,Q3FY26,1.0994630510633296,0.2864488758315822,26.347687293481993,FY26,0.248364228280557,7.150546466157072
TVSHLTD,520056,Q4FY21,0.6769252594094364,0.34235250701631387,24.637471776142,FY21,0.248364228280557,7.150546466157072
TVSHLTD,520056,Q4FY22,0.6574730329498601,0.10548211656957578,24.80043520091712,FY22,0.248364228280557,7.150546466157072
TVSHLTD,520056,Q4FY23,0.48926065263938395,0.3119789969118504,24.86786284662595,FY23,0.20044801125581999,7.717703541201916
TVSHLTD,520056,Q4FY24,0.7689502320853152,1.4041802636854832,25.802393737160884,FY24,0.2818205185083466,9.49448076984018
TVSHLTD,520056,Q4FY25,0.9142868454093249,-0.06334271774329109,25.87495712624989,FY25,0.248364228280557,7.150546466157072
TVSHLTD,520056,Q4FY26,1.150367732165432,0.7947921863020997,26.360450229544043,FY26,0.248364228280557,7.150546466157072
UBL,532478,Q1FY22,0.34916658871341083,0.0570511736314946,26.647977930619543,FY22,,
UBL,532478,Q1FY23,0.9717036877508529,0.18155824937354334,26.652807857271,FY23,0.07666795295708077,0.003939579660469774
UBL,532478,Q1FY24,0.45802661486571455,0.023848013303623395,26.699227921475554,FY24,0.09813227262501376,0.024418788322635304
UBL,532478,Q1FY25,0.44090401835815574,0.32459719999763564,26.9767954488896,FY25,0.10121404608700435,0.1420695154814937
UBL,532478,Q1FY26,0.6168758516827606,0.05976501456448626,26.96400404666625,FY26,0.10121404608700435,0.1420695154814937
UBL,532478,Q2FY22,0.38013147254041674,0.24710330175727363,26.731345655028893,FY22,0.10121404608700435,0.1420695154814937
UBL,532478,Q2FY23,0.898742982907865,0.16581260578400947,26.82050668393463,FY23,0.07666795295708077,0.003939579660469774
UBL,532478,Q2FY24,0.5484735667776546,-0.047760248279237257,26.7334085637107,FY24,0.09813227262501376,0.024418788322635304
UBL,532478,Q2FY25,0.40456417387318366,0.35631648798022114,27.072846214738963,FY25,0.10121404608700435,0.1420695154814937
UBL,532478,Q2FY26,0.6013471170901689,-0.1115567662203984,26.888979456740785,FY26,0.10121404608700435,0.1420695154814937
UBL,532478,Q3FY22,0.5509852258458232,0.28096528348648975,26.740561799751422,FY22,0.10121404608700435,0.1420695154814937
UBL,532478,Q3FY23,0.8612521730911082,0.13863823180274948,26.816338334677575,FY23,0.07666795295708077,0.003939579660469774
UBL,532478,Q3FY24,0.5082085354831699,-0.004803659505399144,26.870150083312637,FY24,0.09813227262501376,0.024418788322635304
UBL,532478,Q3FY25,0.41877668354900066,0.2458398698345124,27.00708888486187,FY25,0.10121404608700435,0.1420695154814937
UBL,532478,Q3FY26,0.5820164969510682,-0.11750578247427149,26.78422337064968,FY26,0.10121404608700435,0.1420695154814937
UBL,532478,Q4FY21,0.2836137615638098,-0.01842526157909522,26.495249330314824,FY21,0.10121404608700435,0.1420695154814937
UBL,532478,Q4FY22,0.92460335265824,0.2469636525213073,26.677789186118243,FY22,0.10121404608700435,0.1420695154814937
UBL,532478,Q4FY23,0.6206948605485152,-0.04925327370552314,26.63961350755782,FY23,0.07666795295708077,0.003939579660469774
UBL,532478,Q4FY24,0.6266050912617225,0.167566367523653,26.84220243834588,FY24,0.09813227262501376,0.024418788322635304
UBL,532478,Q4FY25,0.45086112102074893,0.18428380913970513,26.98838287379278,FY25,0.10121404608700435,0.1420695154814937
UBL,532478,Q4FY26,0.5002136085747474,-0.2112040129417563,26.73253083544125,FY26,0.10121404608700435,0.1420695154814937
UCOBANK,532505,Q1FY22,0.6560016248293403,-7.042977312465834e-16,25.955094745116043,FY22,,
UCOBANK,532505,Q1FY23,0.6872280548778585,-0.12167286281050622,25.627138731799064,FY23,0.07132907587098979,0.8007090956155921
UCOBANK,532505,Q1FY24,0.80286339196498,1.3377776987274386,26.54434230220424,FY24,0.061422795049538494,0.7782614627747863
UCOBANK,532505,Q1FY25,1.7983471564807778,1.1416545273171632,27.24252879848742,FY25,0.07990875062396184,0.7669600378458061
UCOBANK,532505,Q1FY26,1.2978127808472708,-0.4121019001957527,26.73031267228729,FY26,0.07990875062396184,0.7669600378458061
UCOBANK,532505,Q2FY22,0.6348850420007266,-0.030302956716622285,25.847538757200677,FY22,0.07990875062396184,0.7669600378458061
UCOBANK,532505,Q2FY23,0.6995027979032233,-0.047619121038588307,25.71033761266468,FY23,0.07132907587098979,0.8007090956155921
UCOBANK,532505,Q2FY24,1.0316747459259483,1.767544201965241,27.00770898453838,FY24,0.061422795049538494,0.7782614627747863
UCOBANK,532505,Q2FY25,1.7986011751055568,0.644117888612021,27.115392281218323,FY25,0.07990875062396184,0.7669600378458061
UCOBANK,532505,Q2FY26,1.2432795485095547,-0.43801161367257646,26.66955295588736,FY26,0.07990875062396184,0.7669600378458061
UCOBANK,532505,Q3FY22,0.6720748949251201,-0.007575720782554475,25.798748610821367,FY22,0.07990875062396184,0.7669600378458061
UCOBANK,532505,Q3FY23,0.6849235118279849,0.5496183002341012,26.68378681460952,FY23,0.07132907587098979,0.8007090956155921
UCOBANK,532505,Q3FY24,1.595459243744297,0.8186155388885774,26.91640919831419,FY24,0.061422795049538494,0.7782614627747863
UCOBANK,532505,Q3FY25,1.6357966080781439,0.15409126139413692,27.020434379354082,FY25,0.07990875062396184,0.7669600378458061
UCOBANK,532505,Q3FY26,1.2715070500417602,-0.2880314890757568,26.63484813839784,FY26,0.07990875062396184,0.7669600378458061
UCOBANK,532505,Q4FY21,0.6000395717377696,0.05303026623709874,25.6316945261582,FY21,0.07990875062396184,0.7669600378458061
UCOBANK,532505,Q4FY22,0.8337911017099864,-0.14801441511448057,25.70612718241822,FY22,0.07990875062396184,0.7669600378458061
UCOBANK,532505,Q4FY23,0.6795643899848398,1.1056910132519278,26.424275543747033,FY23,0.07132907587098979,0.8007090956155921
UCOBANK,532505,Q4FY24,1.6262068012988824,1.1284403813614934,27.188881804072594,FY24,0.061422795049538494,0.7782614627747863
UCOBANK,532505,Q4FY25,1.593776584303543,-0.3574097480249577,26.81435434501636,FY25,0.07990875062396184,0.7669600378458061
UCOBANK,532505,Q4FY26,1.2973461767147905,-0.19986505525140236,26.363444850566182,FY26,0.07990875062396184,0.7669600378458061
UNIONBANK,532477,Q1FY22,0.8017440174787116,0.07009336663970618,26.261196758455622,FY22,,
UNIONBANK,532477,Q1FY23,1.363794466390349,0.1413842292941067,26.19699449444598,FY23,0.10801117320732677,0.3725036259169864
UNIONBANK,532477,Q1FY24,1.5139849679737836,1.1504292529351128,26.943440237495246,FY24,0.1413673162396441,0.2763823344281957
UNIONBANK,532477,Q1FY25,1.71501648193411,1.2839467282321302,27.614139089543972,FY25,0.15836163550538596,0.2414900189352963
UNIONBANK,532477,Q1FY26,1.2164791182375834,-0.0372529583946804,27.756863814525204,FY26,0.15836163550538596,0.2414900189352963
UNIONBANK,532477,Q2FY22,0.8344903832635316,0.10280375117750588,26.199680062267248,FY22,0.15836163550538596,0.2414900189352963
UNIONBANK,532477,Q2FY23,1.3464432350832687,0.3402881792326473,26.46216230006276,FY23,0.10801117320732677,0.3725036259169864
UNIONBANK,532477,Q2FY24,1.638007442267669,1.2219433496494823,27.36268883457487,FY24,0.1413673162396441,0.2763823344281957
UNIONBANK,532477,Q2FY25,1.6854792882908765,0.32013228634488033,27.53282459725877,FY25,0.15836163550538596,0.2414900189352963
UNIONBANK,532477,Q2FY26,1.254058122219062,0.06401244623465609,27.686768612769708,FY26,0.15836163550538596,0.2414900189352963
UNIONBANK,532477,Q3FY22,1.1919485416246856,0.44236748979494556,26.379700134004906,FY22,0.15836163550538596,0.2414900189352963
UNIONBANK,532477,Q3FY23,1.2874261837256513,0.9685989068634561,27.050322139201473,FY23,0.10801117320732677,0.3725036259169864
UNIONBANK,532477,Q3FY24,1.7776706367284683,0.48552206733117154,27.476387031024004,FY24,0.1413673162396441,0.2763823344281957
UNIONBANK,532477,Q3FY25,1.5660202798528942,0.15267431634215106,27.51308228890751,FY25,0.15836163550538596,0.2414900189352963
UNIONBANK,532477,Q3FY26,1.2300642992332858,0.31312382340225337,27.79121903673808,FY26,0.15836163550538596,0.2414900189352963
UNIONBANK,532477,Q4FY21,0.6525405749591302,0.26479749921499623,26.13707072385016,FY21,0.15836163550538596,0.2414900189352963
UNIONBANK,532477,Q4FY22,1.4013301105642588,0.020330373479873574,26.265080352630452,FY22,0.15836163550538596,0.2414900189352963
UNIONBANK,532477,Q4FY23,1.3772899609199687,0.668298909758362,26.861261480407617,FY23,0.10801117320732677,0.3725036259169864
UNIONBANK,532477,Q4FY24,1.1716563817933916,1.1067113535397906,27.730124023020405,FY24,0.1413673162396441,0.2763823344281957
UNIONBANK,532477,Q4FY25,1.72522345348611,-0.1540486305494148,27.560221380034534,FY25,0.15836163550538596,0.2414900189352963
UNIONBANK,532477,Q4FY26,1.272018755158649,0.877803210372702,27.856911305674384,FY26,0.15836163550538596,0.2414900189352963
UPL,512070,Q1FY22,0.8564510271111926,0.7383337074345241,27.17815142894991,FY22,,
UPL,512070,Q1FY23,0.8650368851775871,-0.037699998934050016,26.963636599146685,FY23,0.11962203457981503,0.8021377831389894
UPL,512070,Q1FY24,1.2036991369165564,-0.09127127391573721,27.06054321738154,FY24,-0.04317633936602742,1.0705573345806498
UPL,512070,Q1FY25,1.221462035056161,-0.2197374047131554,26.890149313449797,FY25,0.0278580080126712,0.779496257647753
UPL,512070,Q1FY26,0.9220239350257726,0.21944147003944003,27.038885984098105,FY26,0.0278580080126712,0.779496257647753
UPL,512070,Q2FY22,0.8768617560324448,0.5979039928336858,27.076134687027327,FY22,0.0278580080126712,0.779496257647753
UPL,512070,Q2FY23,0.9405378689604244,0.06520349362613038,27.037741572828846,FY23,0.11962203457981503,0.8021377831389894
UPL,512070,Q2FY24,1.1312013544231716,-0.19797244158466212,26.966675621562846,FY24,-0.04317633936602742,1.0705573345806498
UPL,512070,Q2FY25,1.1750618629600307,0.036194450023621615,26.96336370141048,FY25,0.0278580080126712,0.779496257647753
UPL,512070,Q2FY26,0.965821129463299,0.26016230011235825,27.039719491980655,FY26,0.0278580080126712,0.779496257647753
UPL,512070,Q3FY22,0.8320299180914679,0.5051015696710918,27.130313493371723,FY22,0.0278580080126712,0.779496257647753
UPL,512070,Q3FY23,1.0158149643987422,0.12144554729378677,27.10129834073964,FY23,0.11962203457981503,0.8021377831389894
UPL,512070,Q3FY24,1.123627844341203,-0.2468023939286326,26.91847351850889,FY24,-0.04317633936602742,1.0705573345806498
UPL,512070,Q3FY25,1.103370800192419,-0.019320532851344833,26.761360152325846,FY25,0.0278580080126712,0.779496257647753
UPL,512070,Q3FY26,1.017070591170883,0.37330529401100593,27.232394452989706,FY26,0.0278580080126712,0.779496257647753
UPL,512070,Q4FY21,0.6669220194664112,0.19656946812668147,26.96687194229669,FY21,0.0278580080126712,0.779496257647753
UPL,512070,Q4FY22,0.9329333915385674,0.24726690954455308,27.159985243722694,FY22,0.0278580080126712,0.779496257647753
UPL,512070,Q4FY23,1.1049931615320001,0.02251535343336355,27.103390826068917,FY23,0.11962203457981503,0.8021377831389894
UPL,512070,Q4FY24,1.2585028736429797,-0.3541981764813549,26.665515698090392,FY24,-0.04317633936602742,1.0705573345806498
UPL,512070,Q4FY25,1.0487604319036985,0.30232277527889995,27.000345630095577,FY25,0.0278580080126712,0.779496257647753
UPL,512070,Q4FY26,1.1083214329480946,0.0017922518866259392,26.895897054354634,FY26,0.0278580080126712,0.779496257647753
UTIAMC,543238,Q1FY22,0.5500267132675933,0.37353828760808777,25.265390774964942,FY22,,
UTIAMC,543238,Q1FY23,0.782881356913646,-0.06711842308679482,25.006040493616062,FY23,0.11307603210060395,
UTIAMC,543238,Q1FY24,0.8723531611641724,0.11868613177683608,25.233884366072072,FY24,0.17448731475763246,
UTIAMC,543238,Q1FY25,0.6731781030504891,0.46216475025828524,25.50329515219142,FY25,0.1590496463461568,
UTIAMC,543238,Q1FY26,1.0538064681796002,0.34153589646066546,25.801410216882473,FY26,0.1590496463461568,
UTIAMC,543238,Q2FY22,0.5715317856864789,1.1926967559241488,25.50795508049683,FY22,0.1590496463461568,
UTIAMC,543238,Q2FY23,0.787685864488824,-0.26047790700997214,25.15120032834575,FY23,0.11307603210060395,
UTIAMC,543238,Q2FY24,0.9599830871085835,-0.04197576920686588,25.263331728293313,FY24,0.17448731475763246,
UTIAMC,543238,Q2FY25,0.5857878963686303,0.5931659986678894,25.76073498111682,FY25,0.1590496463461568,
UTIAMC,543238,Q2FY26,1.1678023122580699,0.1712484885416897,25.84486378026579,FY26,0.1590496463461568,
UTIAMC,543238,Q3FY22,0.5758818511814758,0.9171764949796362,25.49493668381483,FY22,0.1590496463461568,
UTIAMC,543238,Q3FY23,0.8653935524056451,-0.2401380527817336,25.3261153730258,FY23,0.11307603210060395,
UTIAMC,543238,Q3FY24,0.918755726948036,0.2059791120130675,25.35961749197782,FY24,0.17448731475763246,
UTIAMC,543238,Q3FY25,0.5547979133563574,0.721167683811681,25.840718795561724,FY25,0.1590496463461568,
UTIAMC,543238,Q3FY26,1.22880318641888,-0.07209412506342709,25.701125708231995,FY26,0.1590496463461568,
UTIAMC,543238,Q4FY21,0.11179668100548142,0.06125201329047626,24.884056636696116,FY21,0.1590496463461568,
UTIAMC,543238,Q4FY22,0.9019958528347032,0.45657827710262533,25.437736387141864,FY22,0.1590496463461568,
UTIAMC,543238,Q4FY23,0.7776136054232444,-0.1572381354666104,25.03264735301355,FY23,0.11307603210060395,
UTIAMC,543238,Q4FY24,1.2481795572774406,0.33202010335577686,25.295771073328172,FY24,0.17448731475763246,
UTIAMC,543238,Q4FY25,0.6986311780797536,0.12425717780696131,25.599925673339072,FY25,0.1590496463461568,
UTIAMC,543238,Q4FY26,1.1241561757693386,0.16699000561864757,25.514652091321302,FY26,0.1590496463461568,
VBL,540180,Q1FY22,0.16432264062859916,0.10876161329148802,26.50684372542786,FY22,,
VBL,540180,Q1FY23,0.5963807181002996,0.6407020489812505,26.99585250905288,FY23,0.29347735762526506,0.7611769409569652
VBL,540180,Q1FY24,0.9262273127335561,1.3974421445604868,27.70725636901127,FY24,0.29639192572390277,0.7830046227938074
VBL,540180,Q1FY25,0.62113069895976,0.8191439991281283,28.417810646896243,FY25,0.15621069909870836,0.17015551454503233
VBL,540180,Q1FY26,0.8189974261850155,-0.20367825735596753,28.06668990145497,FY26,0.1550914197385077,0.12810771336039403
VBL,540180,Q2FY22,0.19686882073838233,0.4038645656984593,26.71738320823488,FY22,0.1550914197385077,0.12810771336039403
VBL,540180,Q2FY23,0.7046034643484578,0.844531588885766,27.27662580622132,FY23,0.29347735762526506,0.7611769409569652
VBL,540180,Q2FY24,0.7341698562893708,0.7509066689574421,27.872860269735888,FY24,0.29639192572390277,0.7830046227938074
VBL,540180,Q2FY25,0.687540283268433,0.6718751411579031,28.346287254543135,FY25,0.15621069909870836,0.17015551454503233
VBL,540180,Q2FY26,0.8416149826748751,-0.20632202039278813,28.036909683633795,FY26,0.1550914197385077,0.12810771336039403
VBL,540180,Q3FY22,0.4476519228173171,0.5101135594158089,26.70696819593841,FY22,0.1550914197385077,0.12810771336039403
VBL,540180,Q3FY23,0.6850876533356843,1.1508611069149368,27.512936248017756,FY23,0.29347735762526506,0.7611769409569652
VBL,540180,Q3FY24,0.3751783927324983,0.8406382756058807,28.14129833695081,FY24,0.29639192572390277,0.7830046227938074
VBL,540180,Q3FY25,0.761635783102468,0.48529318573076324,28.398034104390575,FY25,0.15621069909870836,0.17015551454503233
VBL,540180,Q3FY26,0.9859288128932266,-0.20955457490076268,28.13586023198765,FY26,0.1550914197385077,0.12810771336039403
VBL,540180,Q4FY21,0.04909503324588413,0.14868660132139164,26.419583028008397,FY21,0.1550914197385077,0.12810771336039403
VBL,540180,Q4FY22,0.6892844412297335,0.38811233159307323,26.764920667517607,FY22,0.1550914197385077,0.12810771336039403
VBL,540180,Q4FY23,0.6536730152300838,1.1222809625459595,27.560517760272134,FY23,0.29347735762526506,0.7611769409569652
VBL,540180,Q4FY24,0.4337055659478267,1.407670357720327,28.264161966184666,FY24,0.29639192572390277,0.7830046227938074
VBL,540180,Q4FY25,0.7848253251146033,-0.1699052341667114,28.229833271555545,FY25,0.15621069909870836,0.17015551454503233
VBL,540180,Q4FY26,1.0170103692534223,-0.02547348128987612,27.892663948979322,FY26,0.1550914197385077,0.12810771336039403
VEDL,500295,Q1FY22,0.8255541692127548,0.6723817286536374,26.922801388295635,FY22,,
VEDL,500295,Q1FY23,1.249139861199422,0.46414893221157744,26.973630363339552,FY23,0.26821905993962913,1.689825736245339
VEDL,500295,Q1FY24,1.2950403581664258,0.24897686575104896,27.507344839397234,FY24,0.13797929822277197,2.368660894473016
VEDL,500295,Q1FY25,1.2200023654178644,0.8572760527979678,28.064488162425725,FY25,0.39134181049113553,1.9631060863207916
VEDL,500295,Q1FY26,1.5407627424107542,0.015280857484926913,28.16666641364361,FY26,0.39134181049113553,1.9631060863207916
VEDL,500295,Q2FY22,0.9791314043608288,0.8877805901915441,27.074097820421514,FY22,0.39134181049113553,1.9631060863207916
VEDL,500295,Q2FY23,1.213788264748926,0.227952883186033,27.243655937765723,FY23,0.26821905993962913,1.689825736245339
VEDL,500295,Q2FY24,1.3355929034256069,0.12151270973375762,27.28505539800813,FY24,0.13797929822277197,2.368660894473016
VEDL,500295,Q2FY25,1.330116931839951,1.1648344025213904,28.239377999552527,FY25,0.39134181049113553,1.9631060863207916
VEDL,500295,Q2FY26,1.4792969176587043,0.04169989388786596,28.213528673166525,FY26,0.39134181049113553,1.9631060863207916
VEDL,500295,Q3FY22,1.0897569517856012,1.2394157331104216,27.28331586772169,FY22,0.39134181049113553,1.9631060863207916
VEDL,500295,Q3FY23,1.189228606040098,0.17240982587669687,27.4344481850094,FY23,0.26821905993962913,1.689825736245339
VEDL,500295,Q3FY24,1.2814954760011763,-0.047887649557341545,27.47793436568931,FY24,0.13797929822277197,2.368660894473016
VEDL,500295,Q3FY25,1.311417702944798,1.1342474062078107,28.114748325050044,FY25,0.39134181049113553,1.9631060863207916
VEDL,500295,Q3FY26,1.534167904326149,0.27556108383951267,28.474008628198952,FY26,0.39134181049113553,1.9631060863207916
VEDL,500295,Q4FY21,0.5220886904272347,0.29239396288500114,26.78384753481677,FY21,0.39134181049113553,1.9631060863207916
VEDL,500295,Q4FY22,1.1462488016059296,1.0569923154861625,27.485335928517355,FY22,0.39134181049113553,1.9631060863207916
VEDL,500295,Q4FY23,1.430002972642342,0.01945315206220327,27.356789606930455,FY23,0.26821905993962913,1.689825736245339
VEDL,500295,Q4FY24,1.2296634408983491,0.015411915569082642,27.527359866216823,FY24,0.13797929822277197,2.368660894473016
VEDL,500295,Q4FY25,1.3651242846446974,0.6659813431480688,28.15650136011231,FY25,0.39134181049113553,1.9631060863207916
VEDL,500295,Q4FY26,1.2273765590482584,0.8329524450433917,28.570665069238792,FY26,0.39134181049113553,1.9631060863207916
VGUARD,532953,Q1FY22,0.310936455041652,0.4221625230148522,25.452726632522822,FY22,,
VGUARD,532953,Q1FY23,0.586177476064475,-0.10326173987871051,25.294198901399156,FY23,0.11763974073475075,0.31287244498077904
VGUARD,532953,Q1FY24,0.5093988404452001,0.12276529214369,25.526686999666694,FY24,0.141978370870126,0.22119147622669796
VGUARD,532953,Q1FY25,0.5565577014815029,0.513222978447903,25.953535403531703,FY25,0.14954500603004056,0.06364672065896665
VGUARD,532953,Q1FY26,0.4749923936102153,0.03295622598345247,25.849393953425086,FY26,0.14954500603004056,0.06364672065896665
VGUARD,532953,Q2FY22,0.3049618656609746,0.3063616877644304,25.429975867363662,FY22,0.14954500603004056,0.06364672065896665
VGUARD,532953,Q2FY23,0.6254154961140606,-0.036855687856306184,25.375452453313898,FY23,0.11763974073475075,0.31287244498077904
VGUARD,532953,Q2FY24,0.5885163335182784,0.34887489713379005,25.61501963996385,FY24,0.141978370870126,0.22119147622669796
VGUARD,532953,Q2FY25,0.4293267547119683,0.5000889458676959,25.993312125549476,FY25,0.14954500603004056,0.06364672065896665
VGUARD,532953,Q2FY26,0.585734129490769,-0.2358974848629102,25.822314371481575,FY26,0.14954500603004056,0.06364672065896665
VGUARD,532953,Q3FY22,0.3580787650227811,0.2773851447399075,25.278309593091894,FY22,0.14954500603004056,0.06364672065896665
VGUARD,532953,Q3FY23,0.6450871945137401,0.08547527838760624,25.449060318255057,FY23,0.11763974073475075,0.31287244498077904
VGUARD,532953,Q3FY24,0.48176071061384174,0.20263665707400375,25.5651470071433,FY24,0.141978370870126,0.22119147622669796
VGUARD,532953,Q3FY25,0.4612832541138122,0.43638122107309224,25.936383874155034,FY25,0.14954500603004056,0.06364672065896665
VGUARD,532953,Q3FY26,0.5737387328900726,-0.17624758794956488,25.68706950866153,FY26,0.14954500603004056,0.06364672065896665
VGUARD,532953,Q4FY21,0.26733629847034884,0.20213624792480164,25.403248139151177,FY21,0.14954500603004056,0.06364672065896665
VGUARD,532953,Q4FY22,0.6095481041521162,-0.1426432503393794,25.25156210138419,FY22,0.14954500603004056,0.06364672065896665
VGUARD,532953,Q4FY23,0.5713592148867062,0.2566941090200924,25.40466937846168,FY23,0.11763974073475075,0.31287244498077904
VGUARD,532953,Q4FY24,0.5632536290053929,0.29037907155062875,25.690370466615484,FY24,0.141978370870126,0.22119147622669796
VGUARD,532953,Q4FY25,0.4554903895451018,0.04542231809402562,25.763860276437924,FY25,0.14954500603004056,0.06364672065896665
VGUARD,532953,Q4FY26,0.6704019982010931,-0.05827100518629533,25.64678721791912,FY26,0.14954500603004056,0.06364672065896665
VINATIORGA,524200,Q1FY22,0.3612471134413538,0.4522833590704311,25.954159000201557,FY22,,
VINATIORGA,524200,Q1FY23,0.5702444410387784,0.15742018497298657,26.03440348977829,FY23,0.18940946388929394,0.01591347281592431
VINATIORGA,524200,Q1FY24,0.3766042898253404,-0.11034862976226897,25.953151600714936,FY24,0.13120841085806678,0.0018890306226082435
VINATIORGA,524200,Q1FY25,0.31903074888425875,-0.08857236033013097,25.997224155274807,FY25,0.14508033566273343,0.022421669148814296
VINATIORGA,524200,Q1FY26,0.6889408422021088,0.021716887027377337,26.04118758612818,FY26,0.14508033566273343,0.022421669148814296
VINATIORGA,524200,Q2FY22,0.35171326253163115,0.4827201522038663,26.011525405556917,FY22,0.14508033566273343,0.022421669148814296
VINATIORGA,524200,Q2FY23,0.5666173942548465,0.2575245709004242,26.08815963216799,FY23,0.18940946388929394,0.01591347281592431
VINATIORGA,524200,Q2FY24,0.4342389977910135,-0.16781652959267532,25.969740927491884,FY24,0.13120841085806678,0.0018890306226082435
VINATIORGA,524200,Q2FY25,0.34475824634515967,0.09255290835587689,26.095478562522757,FY25,0.14508033566273343,0.022421669148814296
VINATIORGA,524200,Q2FY26,0.70421741310918,-0.15734645757805926,25.916020095938492,FY26,0.14508033566273343,0.022421669148814296
VINATIORGA,524200,Q3FY22,0.40491325838037306,0.5877724171722477,26.037022400548718,FY22,0.14508033566273343,0.022421669148814296
VINATIORGA,524200,Q3FY23,0.5491396253550929,0.11292839083154024,26.043289540515318,FY23,0.18940946388929394,0.01591347281592431
VINATIORGA,524200,Q3FY24,0.39638985741990973,-0.15796666890576497,25.912341948621457,FY24,0.13120841085806678,0.0018890306226082435
VINATIORGA,524200,Q3FY25,0.4110594088077454,0.08123134324645984,25.949819338177022,FY25,0.14508033566273343,0.022421669148814296
VINATIORGA,524200,Q3FY26,0.7561636870204393,-0.15502648676241357,25.827667193933667,FY26,0.14508033566273343,0.022421669148814296
VINATIORGA,524200,Q4FY21,0.45673097851343203,0.15177410438011707,25.683056035137437,FY21,0.14508033566273343,0.022421669148814296
VINATIORGA,524200,Q4FY22,0.464686720629091,0.3217404767198483,26.019312032715547,FY22,0.14508033566273343,0.022421669148814296
VINATIORGA,524200,Q4FY23,0.4786904768101109,0.05108055470045447,25.945138100508082,FY23,0.18940946388929394,0.01591347281592431
VINATIORGA,524200,Q4FY24,0.4685805821532217,-0.09160883679789952,25.742146584175924,FY24,0.13120841085806678,0.0018890306226082435
VINATIORGA,524200,Q4FY25,0.44273253783705036,-0.09360759073450708,25.818088271308984,FY25,0.14508033566273343,0.022421669148814296
VINATIORGA,524200,Q4FY26,0.8042108723875612,-0.029893529154838158,25.645320534522007,FY26,0.14508033566273343,0.022421669148814296
VOLTAS,500575,Q1FY22,0.8887355206783913,0.21859399878945715,26.522148529870364,FY22,,
VOLTAS,500575,Q1FY23,1.0713043433448877,0.05718500070415677,26.482544761691493,FY23,0.024763071640679594,0.11932715464034761
VOLTAS,500575,Q1FY24,0.7720501564503852,-0.17025019421791754,26.241060768438366,FY24,0.04329524954900782,0.12776050167511382
VOLTAS,500575,Q1FY25,0.9358439991749814,0.7335588803185487,26.906227193708173,FY25,0.12917821364142326,0.13694699266879054
VOLTAS,500575,Q1FY26,0.7214200530189923,-0.07592983182305682,26.798187936247928,FY26,0.12917821364142326,0.13694699266879054
VOLTAS,500575,Q2FY22,0.8373685655268172,0.20375646041051038,26.702219701644065,FY22,0.12917821364142326,0.13694699266879054
VOLTAS,500575,Q2FY23,1.0980439838737557,0.029264556665625673,26.41231331515672,FY23,0.024763071640679594,0.11932715464034761
VOLTAS,500575,Q2FY24,0.6686177732614349,-0.13629545450870303,26.36883353959429,FY24,0.04329524954900782,0.12776050167511382
VOLTAS,500575,Q2FY25,0.8435513628220754,1.1606434523840303,27.132002779924623,FY25,0.12917821364142326,0.13694699266879054
VOLTAS,500575,Q2FY26,0.7680617067035242,-0.18555490538628738,26.827729764231236,FY26,0.12917821364142326,0.13694699266879054
VOLTAS,500575,Q3FY22,0.9295945432713137,0.4872742116588577,26.703122359486755,FY22,0.12917821364142326,0.13694699266879054
VOLTAS,500575,Q3FY23,1.0737871520718232,-0.2724812378007865,26.28720156420409,FY23,0.024763071640679594,0.11932715464034761
VOLTAS,500575,Q3FY24,0.47654021167088656,0.008257387194414243,26.493938737280956,FY24,0.04329524954900782,0.12776050167511382
VOLTAS,500575,Q3FY25,0.9104865750476309,1.0091768792081497,27.101656979262163,FY25,0.12917821364142326,0.13694699266879054
VOLTAS,500575,Q3FY26,0.8442626196659775,-0.18284809090300394,26.833402561932246,FY26,0.12917821364142326,0.13694699266879054
VOLTAS,500575,Q4FY21,0.9043481355140235,0.22454757649500132,26.50189492939722,FY21,0.12917821364142326,0.13694699266879054
VOLTAS,500575,Q4FY22,0.8966291284518437,0.28129696464973475,26.72442515814147,FY22,0.12917821364142326,0.13694699266879054
VOLTAS,500575,Q4FY23,1.0868741327760854,-0.27601827694350295,26.309945350224275,FY23,0.024763071640679594,0.11932715464034761
VOLTAS,500575,Q4FY24,0.6851875455563842,0.2845698359925618,26.614358876922665,FY24,0.04329524954900782,0.12776050167511382
VOLTAS,500575,Q4FY25,0.8163400703260881,0.15972206283357127,26.897014864306502,FY25,0.12917821364142326,0.13694699266879054
VOLTAS,500575,Q4FY26,1.1709169387821554,0.24782841952885581,26.76625517056322,FY26,0.12917821364142326,0.13694699266879054
WHIRLPOOL,500238,Q1FY22,0.24647467490936156,-0.1743321101193974,26.355886514459606,FY22,,
WHIRLPOOL,500238,Q1FY23,0.5880419403920394,-0.23244012819517032,26.002204791974016,FY23,0.062215051258816545,0.03172109749827433
WHIRLPOOL,500238,Q1FY24,0.6620164776344954,-0.04309406786560592,25.945055870863683,FY24,0.05884075258905818,0.06261454210269479
WHIRLPOOL,500238,Q1FY25,0.498174600390469,0.1276523476053712,26.25245856540349,FY25,0.09089113824061087,0.07199641499020198
WHIRLPOOL,500238,Q1FY26,0.642931367832747,-0.18930722573188882,25.900066185156742,FY26,0.09089113824061087,0.07199641499020198
WHIRLPOOL,500238,Q2FY22,0.25251440979579864,-0.1833710901460924,26.380071380549957,FY22,0.09089113824061087,0.07199641499020198
WHIRLPOOL,500238,Q2FY23,0.6310032045964544,-0.09900221220627228,26.048311288225833,FY23,0.062215051258816545,0.03172109749827433
WHIRLPOOL,500238,Q2FY24,0.5323893447824881,-0.08323487654594701,26.045675356546763,FY24,0.05884075258905818,0.06261454210269479
WHIRLPOOL,500238,Q2FY25,0.4978410159613673,0.3858888617702936,26.39097162206423,FY25,0.09089113824061087,0.07199641499020198
WHIRLPOOL,500238,Q2FY26,0.6308303305012632,-0.3451684649471294,25.74140436260561,FY26,0.09089113824061087,0.07199641499020198
WHIRLPOOL,500238,Q3FY22,0.38830235658124146,-0.217930778154972,26.120034951881742,FY22,0.09089113824061087,0.07199641499020198
WHIRLPOOL,500238,Q3FY23,0.6048429919422091,-0.27470263238612186,25.960504173177235,FY23,0.062215051258816545,0.03172109749827433
WHIRLPOOL,500238,Q3FY24,0.2349564912157075,0.03541851335221023,25.872645610164565,FY24,0.05884075258905818,0.06261454210269479
WHIRLPOOL,500238,Q3FY25,0.6408990195891806,0.16913696156710456,26.17244152196216,FY25,0.09089113824061087,0.07199641499020198
WHIRLPOOL,500238,Q3FY26,0.8351237339444653,-0.45263800610424715,25.46008215806335,FY26,0.09089113824061087,0.07199641499020198
WHIRLPOOL,500238,Q4FY21,0.27978226821869406,-0.07737471931216651,26.351897455018985,FY21,0.09089113824061087,0.07199641499020198
WHIRLPOOL,500238,Q4FY22,0.5173997220567139,-0.30056688621488453,26.006616574899336,FY22,0.09089113824061087,0.07199641499020198
WHIRLPOOL,500238,Q4FY23,0.6369982272575265,-0.2071428523270308,25.830849025106506,FY23,0.062215051258816545,0.03172109749827433
WHIRLPOOL,500238,Q4FY24,0.17759770382675538,-0.03210747329477442,25.7601754413571,FY24,0.05884075258905818,0.06261454210269479
WHIRLPOOL,500238,Q4FY25,0.7286918781258143,-0.24455118211270097,25.552443067191994,FY25,0.09089113824061087,0.07199641499020198
WHIRLPOOL,500238,Q4FY26,0.8531984595842192,-0.06058591183864533,25.33034106418786,FY26,0.09089113824061087,0.07199641499020198
WIPRO,507685,Q1FY22,0.8278009305934496,0.4017527939680185,28.602118664161203,FY22,,
WIPRO,507685,Q1FY23,1.0533797995910186,-0.1210171778546167,28.340863602706275,FY23,0.14529599418303968,0.22359709356805998
WIPRO,507685,Q1FY24,0.9914090153999255,-0.09038056981146952,28.27648314152656,FY24,0.14729231093383902,0.2195662523353643
WIPRO,507685,Q1FY25,1.0023677489068732,0.1807669595892989,28.55852411524922,FY25,0.15858091605910354,0.23183980857385347
WIPRO,507685,Q1FY26,1.1578113597211654,0.0983765555773848,28.61089295957426,FY26,0.15858091605910354,0.23183980857385347
WIPRO,507685,Q2FY22,0.8503068509472417,0.6552202179762516,28.75234740153152,FY22,0.15858091605910354,0.23183980857385347
WIPRO,507685,Q2FY23,1.0315161898641307,-0.3409002511522216,28.28704339753905,FY23,0.14529599418303968,0.22359709356805998
WIPRO,507685,Q2FY24,1.0491498318339776,-0.01909655979941847,28.318994471958817,FY24,0.14729231093383902,0.2195662523353643
WIPRO,507685,Q2FY25,1.070918272659306,0.31053733160939784,28.60889940724787,FY25,0.15858091605910354,0.23183980857385347
WIPRO,507685,Q2FY26,1.0642004347308434,0.0068923426354081125,28.524960855510066,FY26,0.15858091605910354,0.23183980857385347
WIPRO,507685,Q3FY22,0.8512955506005576,0.6703272987582152,28.87291280402994,FY22,0.15858091605910354,0.23183980857385347
WIPRO,507685,Q3FY23,1.0819131061975735,-0.32766391506061854,28.283231456752304,FY23,0.14529599418303968,0.22359709356805998
WIPRO,507685,Q3FY24,1.114141649606307,0.047455268660581654,28.468013064348447,FY24,0.14729231093383902,0.2195662523353643
WIPRO,507685,Q3FY25,1.0509228282883198,0.44698227662397194,28.717725990156868,FY25,0.15858091605910354,0.23183980857385347
WIPRO,507685,Q3FY26,1.0733736371671132,-0.11621728790622182,28.62016856772033,FY26,0.15858091605910354,0.23183980857385347
WIPRO,507685,Q4FY21,0.8700962267565927,0.059578292862851004,28.326369034695965,FY21,0.15858091605910354,0.23183980857385347
WIPRO,507685,Q4FY22,0.9260535753998929,0.32960288384309666,28.685105209580612,FY22,0.15858091605910354,0.23183980857385347
WIPRO,507685,Q4FY23,1.1065320778609546,-0.31011557917169763,28.213100308767338,FY23,0.14529599418303968,0.22359709356805998
WIPRO,507685,Q4FY24,1.2746556054428677,0.31084079353779204,28.48864305285843,FY24,0.14729231093383902,0.2195662523353643
WIPRO,507685,Q4FY25,1.0470059094677682,0.11697843048370424,28.59677004398352,FY25,0.15858091605910354,0.23183980857385347
WIPRO,507685,Q4FY26,0.7847402838643316,-0.32348718713204194,28.306965550485437,FY26,0.15858091605910354,0.23183980857385347
WOCKPHARMA,532300,Q1FY22,0.6986805261578348,0.14079590038065148,25.074821094883074,FY22,,
WOCKPHARMA,532300,Q1FY23,0.9800886649693178,-0.5742670112053594,24.246319203079796,FY23,-0.16666666666666666,0.6511627906976745
WOCKPHARMA,532300,Q1FY24,0.7352796039005659,-0.35661128045265483,24.367638931531804,FY24,-0.13783864245311103,0.7013992259601072
WOCKPHARMA,532300,Q1FY25,1.0941109340564497,2.2491340064409364,25.4378922132693,FY25,-0.010797151389846084,0.46427750976338156
WOCKPHARMA,532300,Q1FY26,1.5623932407760603,1.6135735040046004,26.35272546696135,FY26,-0.010797151389846084,0.46427750976338156
WOCKPHARMA,532300,Q2FY22,0.7530475951883745,-0.255031667437025,24.944497120241937,FY22,-0.010797151389846084,0.46427750976338156
WOCKPHARMA,532300,Q2FY23,0.9206143041344115,-0.3797810781796753,24.403308593096824,FY23,-0.16666666666666666,0.6511627906976745
WOCKPHARMA,532300,Q2FY24,0.8391935188460355,-0.07438501600057733,24.366789146269113,FY24,-0.13783864245311103,0.7013992259601072
WOCKPHARMA,532300,Q2FY25,1.2429548362343579,3.615992739069218,25.79200782207341,FY25,-0.010797151389846084,0.46427750976338156
WOCKPHARMA,532300,Q2FY26,1.5179673171089727,0.3321100457980489,26.22997093400594,FY26,-0.010797151389846084,0.46427750976338156
WOCKPHARMA,532300,Q3FY22,0.8237013433044125,-0.20770149975209892,24.847833690283476,FY22,-0.010797151389846084,0.46427750976338156
WOCKPHARMA,532300,Q3FY23,0.880289846695334,-0.386010299260664,24.31353634305984,FY23,-0.16666666666666666,0.6511627906976745
WOCKPHARMA,532300,Q3FY24,1.020133817985955,0.382165605095542,24.95669896860252,FY24,-0.13783864245311103,0.7013992259601072
WOCKPHARMA,532300,Q3FY25,1.1776205340430743,3.2450122485459385,26.162331727214475,FY25,-0.010797151389846084,0.46427750976338156
WOCKPHARMA,532300,Q3FY26,1.6282138028483966,0.10896003692775165,26.182835039781423,FY26,-0.010797151389846084,0.46427750976338156
WOCKPHARMA,532300,Q4FY21,0.6837438430870517,-0.0783016050465391,24.8507361024632,FY21,-0.010797151389846084,0.46427750976338156
WOCKPHARMA,532300,Q4FY22,0.9470729411382948,-0.29482109048279376,24.480573193586434,FY22,-0.010797151389846084,0.46427750976338156
WOCKPHARMA,532300,Q4FY23,0.8817378430452786,-0.46034042010505904,23.942443368989483,FY23,-0.16666666666666666,0.6511627906976745
WOCKPHARMA,532300,Q4FY24,1.213108232514685,2.2140037368168524,25.27894810174114,FY24,-0.13783864245311103,0.7013992259601072
WOCKPHARMA,532300,Q4FY25,1.3263208185928839,1.1255506770561625,26.167646336347136,FY25,-0.010797151389846084,0.46427750976338156
WOCKPHARMA,532300,Q4FY26,1.3189705374796534,0.014886838240420952,25.97575932014621,FY26,-0.010797151389846084,0.46427750976338156
YESBANK,532648,Q1FY22,1.0388658859640711,-0.25833331214057015,26.775815403654004,FY22,,
YESBANK,532648,Q1FY23,0.93113450014225,-0.011194001701523794,26.70708602726974,FY23,0.01807101097606394,1.7441101591395707
YESBANK,532648,Q1FY24,1.0571261282279516,0.24137935066399435,26.957521751027667,FY24,0.030487388009507423,1.870768888276464
YESBANK,532648,Q1FY25,1.3251943316048647,0.4490446035912955,27.334481882966205,FY25,0.05114716753770671,1.4815778227017053
YESBANK,532648,Q1FY26,0.9974148854878166,-0.06608697642450712,27.182018240374198,FY26,0.05114716753770671,1.4815778227017053
YESBANK,532648,Q2FY22,1.0165080512364022,-0.39999998940361775,26.69914952302771,FY22,0.05114716753770671,1.4815778227017053
YESBANK,532648,Q2FY23,0.9757583971611065,0.4931507457776853,26.91989973486302,FY23,0.01807101097606394,1.7441101591395707
YESBANK,532648,Q2FY24,1.095473656860663,0.012048123553904663,27.01724098572929,FY24,0.030487388009507423,1.870768888276464
YESBANK,532648,Q2FY25,1.3307057301216436,0.39704148776808357,27.28205484691426,FY25,0.05114716753770671,1.4815778227017053
YESBANK,532648,Q2FY26,1.0075507267656731,-0.1860949681730061,27.225785737622346,FY26,0.05114716753770671,1.4815778227017053
YESBANK,532648,Q3FY22,0.9964918496324133,-0.29999997880723617,26.78682466116375,FY22,0.05114716753770671,1.4815778227017053
YESBANK,532648,Q3FY23,1.068203292591809,0.36947787134680643,27.194719936565406,FY23,0.01807101097606394,1.7441101591395707
YESBANK,532648,Q3FY24,1.122569139772338,0.16422294836957993,27.23515352319422,FY24,0.030487388009507423,1.870768888276464
YESBANK,532648,Q3FY25,1.275346482152912,-0.00942930707963332,27.144448081997442,FY25,0.05114716753770671,1.4815778227017053
YESBANK,532648,Q3FY26,0.9835984951223571,0.1146971918220779,27.242122174602677,FY26,0.05114716753770671,1.4815778227017053
YESBANK,532648,Q4FY21,1.0461004117355783,-0.12499999999999986,26.9166997809606,FY21,0.05114716753770671,1.4815778227017053
YESBANK,532648,Q4FY22,1.053241113752577,-0.15064104641055773,26.679028120137193,FY22,0.05114716753770671,1.4815778227017053
YESBANK,532648,Q4FY23,1.088661554393139,0.25992781821770006,26.88080684612022,FY23,0.01807101097606394,1.7441101591395707
YESBANK,532648,Q4FY24,1.266651580831983,0.539634182153892,27.313581153809505,FY24,0.030487388009507423,1.870768888276464
YESBANK,532648,Q4FY25,1.1943573925890738,-0.3312029826916716,26.995558281702113,FY25,0.05114716753770671,1.4815778227017053
YESBANK,532648,Q4FY26,0.9859788636672742,0.18671250858088453,27.01724098572929,FY26,0.05114716753770671,1.4815778227017053
ZFCVINDIA,533023,Q1FY22,0.5765228733889178,0.2254446309275563,25.590716612445213,FY22,,
ZFCVINDIA,533023,Q1FY23,0.4854677640123405,0.10595997460799471,25.70429739621051,FY23,0.131862436466301,0.02712410763918637
ZFCVINDIA,533023,Q1FY24,0.3786980725627643,0.31314326799244313,26.16078646901579,FY24,0.14566317273930296,0.024526384542260873
ZFCVINDIA,533023,Q1FY25,0.5021422392810656,0.5735982676945421,26.407639690075897,FY25,0.14332686563839733,0.020557588885801528
ZFCVINDIA,533023,Q1FY26,0.4751392978532124,-0.012466138131212678,26.259229963951835,FY26,0.14332686563839733,0.020557588885801528
ZFCVINDIA,533023,Q2FY22,0.5839721524763679,0.24423241290424372,25.64628099478978,FY22,0.14332686563839733,0.020557588885801528
ZFCVINDIA,533023,Q2FY23,0.48225140615666473,0.34552374220560217,25.95952810163544,FY23,0.131862436466301,0.02712410763918637
ZFCVINDIA,533023,Q2FY24,0.36539091627377984,0.35942137794117685,26.407607583276842,FY24,0.14566317273930296,0.024526384542260873
ZFCVINDIA,533023,Q2FY25,0.5185915489594131,0.15464013015357342,26.43013028326826,FY25,0.14332686563839733,0.020557588885801528
ZFCVINDIA,533023,Q2FY26,0.5482751659867151,-0.07304918096272567,26.22361208696519,FY26,0.14332686563839733,0.020557588885801528
ZFCVINDIA,533023,Q3FY22,0.5580669023399023,0.43551235566097934,25.800483655990003,FY22,0.14332686563839733,0.020557588885801528
ZFCVINDIA,533023,Q3FY23,0.46358558693876134,0.16281310351051295,25.855275958108084,FY23,0.131862436466301,0.02712410763918637
ZFCVINDIA,533023,Q3FY24,0.41749265323425677,0.646907955135071,26.43652183544247,FY24,0.14566317273930296,0.024526384542260873
ZFCVINDIA,533023,Q3FY25,0.37827536929332645,-0.24359796192855301,26.15313497409077,FY25,0.14332686563839733,0.020557588885801528
ZFCVINDIA,533023,Q3FY26,0.7725100416607737,0.03149694512018437,26.365880865563764,FY26,0.14332686563839733,0.020557588885801528
ZFCVINDIA,533023,Q4FY21,0.633378119625944,0.05286415446928596,25.544988073646184,FY21,0.14332686563839733,0.020557588885801528
ZFCVINDIA,533023,Q4FY22,0.6200909861177331,0.29615349761090776,25.693234184442616,FY22,0.14332686563839733,0.020557588885801528
ZFCVINDIA,533023,Q4FY23,0.4306316178921564,0.355313113582109,26.005089420412904,FY23,0.131862436466301,0.02712410763918637
ZFCVINDIA,533023,Q4FY24,0.389628412593072,0.443356613974619,26.38354330697448,FY24,0.14566317273930296,0.024526384542260873
ZFCVINDIA,533023,Q4FY25,0.48382637385082033,-0.2717122638574892,26.22902552135076,FY25,0.14332686563839733,0.020557588885801528
ZFCVINDIA,533023,Q4FY26,0.7902005714075572,0.5481383083158687,26.288344312703853,FY26,0.14332686563839733,0.020557588885801528
ZYDUSLIFE,532321,Q1FY22,0.519319328668238,0.29483700181329514,27.162877246856592,FY22,,
ZYDUSLIFE,532321,Q1FY23,0.829313411036931,-0.40202422181134057,26.576915427070244,FY23,0.11191609860811381,0.06821840852259103
ZYDUSLIFE,532321,Q1FY24,0.3954692270379351,0.38091626472800993,27.07459136814493,FY24,0.19463425704127688,0.04055573766358204
ZYDUSLIFE,532321,Q1FY25,0.6254165359196816,1.075566182638492,27.694697867558347,FY25,0.1889317040383082,0.13414547595092075
ZYDUSLIFE,532321,Q1FY26,0.7736504464757761,-0.13353191659709998,27.615744687703664,FY26,0.1889317040383082,0.13414547595092075
ZYDUSLIFE,532321,Q2FY22,0.5383259250514413,0.16515117763683176,27.012455778226183,FY22,0.1889317040383082,0.13414547595092075
ZYDUSLIFE,532321,Q2FY23,0.8054235798700021,-0.30601411594824174,26.66448462574833,FY23,0.11191609860811381,0.06821840852259103
ZYDUSLIFE,532321,Q2FY24,0.3482915862499253,0.6207500921050605,27.137221432356395,FY24,0.19463425704127688,0.04055573766358204
ZYDUSLIFE,532321,Q2FY25,0.6602226690279949,0.7453317718838032,27.692148206435636,FY25,0.1889317040383082,0.13414547595092075
ZYDUSLIFE,532321,Q2FY26,0.8426661803161517,-0.1003789438085431,27.618969971050813,FY26,0.1889317040383082,0.13414547595092075
ZYDUSLIFE,532321,Q3FY22,0.5568203257341477,-0.031651387433073414,26.879506692981042,FY22,0.1889317040383082,0.13414547595092075
ZYDUSLIFE,532321,Q3FY23,0.7842489030241626,-0.12490360150302114,26.746454056944277,FY23,0.11191609860811381,0.06821840852259103
ZYDUSLIFE,532321,Q3FY24,0.4300983639114585,0.6340885205392401,27.251130761161942,FY24,0.19463425704127688,0.04055573766358204
ZYDUSLIFE,532321,Q3FY25,0.661699545295814,0.5225773598954848,27.59713740096684,FY25,0.1889317040383082,0.13414547595092075
ZYDUSLIFE,532321,Q3FY26,0.9438799276860215,-0.006109820390662347,27.547693879631105,FY26,0.1889317040383082,0.13414547595092075
ZYDUSLIFE,532321,Q4FY21,0.705392217991257,-0.09030101130783195,26.782135029653023,FY21,0.1889317040383082,0.13414547595092075
ZYDUSLIFE,532321,Q4FY22,0.6803524981695834,-0.16556773280718387,26.552817871192975,FY22,0.1889317040383082,0.13414547595092075
ZYDUSLIFE,532321,Q4FY23,0.6336443470215377,0.2621392072333752,26.903882019052265,FY23,0.11191609860811381,0.06821840852259103
ZYDUSLIFE,532321,Q4FY24,0.41978379558493145,1.0271432135743521,27.630677615198994,FY24,0.19463425704127688,0.04055573766358204
ZYDUSLIFE,532321,Q4FY25,0.8026271093455151,-0.011831151967567803,27.505258608701354,FY25,0.1889317040383082,0.13414547595092075
ZYDUSLIFE,532321,Q4FY26,0.8432432340726674,0.017652150098083557,27.49935206164196,FY26,0.1889317040383082,0.13414547595092075
